#t / s	&b_A1 / rad	f_1
0	2.82	0
0.05	2.82	0
0.11	2.82	0
0.16	2.82	0
0.2	2.82	0
0.25	2.82	0
0.3	2.82	0
0.35	2.83	0
0.4	2.83	0
0.45	2.82	0
0.5	2.76	0
0.55	2.64	0
0.6	2.43	0
0.65	2.13	0
0.7	1.78	0
0.75	1.36	0
0.8	0.92	0
0.85	0.45	0
0.9	-0.04	0
0.95	-0.52	0
1	-0.99	0
1.05	-1.4	0
1.1	-1.83	0
1.15	-2.13	0
1.2	-2.4	0
1.25	-2.6	0
1.3	-2.73	0
1.35	-2.76	0
1.4	-2.71	0
1.45	-2.58	0
1.5	-2.37	0
1.55	-2.1	0
1.6	-1.76	0
1.65	-1.37	0
1.7	-0.95	0
1.75	-0.5	0
1.8	-0.04	0
1.85	0.44	0
1.9	0.87	0
1.95	1.29	0
2	1.66	0
2.05	1.99	0
2.1	2.25	0
2.15	2.44	0
2.2	2.54	0
2.25	2.57	0
2.3	2.52	0
2.35	2.39	0
2.4	2.18	0
2.45	1.92	0
2.5	1.58	0
2.55	1.21	0
2.6	0.78	0
2.65	0.35	0
2.7	-0.09	0
2.75	-0.54	0
2.8	-0.96	0
2.85	-1.35	0
2.9	-1.7	0
2.95	-2	0
3	-2.23	0
3.05	-2.39	0
3.1	-2.49	0
3.15	-2.52	0
3.2	-2.48	0
3.25	-2.35	0
3.3	-2.17	0
3.35	-1.92	0
3.4	-1.61	0
3.45	-1.26	0
3.5	-0.87	0
3.55	-0.42	0
3.6	-0.02	0
3.65	0.39	0
3.7	0.79	0
3.75	1.19	0
3.8	1.53	0
3.85	1.83	0
3.9	2.05	0
3.95	2.22	0
4	2.32	0
4.05	2.35	0
4.1	2.31	0
4.15	2.18	0
4.2	1.99	0
4.25	1.74	0
4.3	1.44	0
4.35	1.09	0
4.4	0.71	0
4.45	0.3	0
4.5	-0.09	0
4.55	-0.49	0
4.6	-0.88	0
4.65	-1.24	0
4.7	-1.56	0
4.76	-1.86	0
4.8	-2.05	0
4.85	-2.19	0
4.9	-2.27	0
4.95	-2.31	0
5	-2.25	0
5.05	-2.13	0
5.1	-1.97	0
5.15	-1.74	0
5.21	-1.43	0
5.25	-1.13	0
5.3	-0.78	0
5.35	-0.39	0
5.4	-0.01	0
5.45	0.38	0
5.5	0.74	0
5.55	1.1	0
5.6	1.41	0
5.65	1.66	0
5.7	1.88	0
5.75	2.05	0
5.8	2.13	0
5.85	2.14	0
5.9	2.09	0
5.95	1.99	0
6	1.82	0
6.05	1.58	0
6.1	1.31	0
6.15	0.99	0
6.2	0.62	0
6.25	0.27	0
6.3	-0.11	0
6.35	-0.47	0
6.4	-0.82	0
6.45	-1.13	0
6.5	-1.44	0
6.55	-1.69	0
6.6	-1.87	0
6.65	-2	0
6.7	-2.09	0
6.75	-2.1	0
6.8	-2.06	0
6.85	-1.96	0
6.9	-1.78	0
6.95	-1.58	0
7	-1.32	0
7.05	-1.02	0
7.1	-0.7	0
7.15	-0.35	0
7.2	0	0
7.25	0.36	0
7.3	0.7	0
7.35	1.02	0
7.4	1.31	0
7.45	1.55	0
7.5	1.74	0
7.55	1.87	0
7.6	1.95	0
7.65	1.96	0
7.7	1.92	0
7.75	1.82	0
7.8	1.65	0
7.85	1.44	0
7.9	1.19	0
7.95	0.89	0
8	0.58	0
8.05	0.24	0
8.1	-0.1	0
8.15	-0.44	0
8.2	-0.75	0
8.25	-1.04	0
8.3	-1.32	0
8.35	-1.55	0
8.4	-1.71	0
8.45	-1.84	0
8.5	-1.92	0
8.55	-1.92	0
8.6	-1.87	0
8.65	-1.78	0
8.7	-1.62	0
8.75	-1.44	0
8.8	-1.18	0
8.85	-0.91	0
8.9	-0.62	0
8.95	-0.3	0
9	0.02	0
9.05	0.35	0
9.1	0.65	0
9.15	0.95	0
9.2	1.21	0
9.25	1.43	0
9.3	1.6	0
9.35	1.72	0
9.4	1.78	0
9.45	1.8	0
9.5	1.75	0
9.55	1.65	0
9.6	1.51	0
9.65	1.31	0
9.7	1.08	0
9.75	0.82	0
9.8	0.51	0
9.85	0.21	0
9.9	-0.12	0
9.95	-0.41	0
10	-0.7	0
10.05	-0.97	0
10.1	-1.22	0
10.15	-1.43	0
10.2	-1.57	0
10.25	-1.69	0
10.3	-1.74	0
10.35	-1.75	0
10.4	-1.7	0
10.45	-1.61	0
10.5	-1.47	0
10.55	-1.29	0
10.6	-1.06	0
10.65	-0.82	0
10.7	-0.53	0
10.75	-0.25	0
10.8	0.04	0
10.85	0.35	0
10.9	0.62	0
10.95	0.88	0
11	1.12	0
11.05	1.31	0
11.1	1.47	0
11.15	1.57	0
11.2	1.63	0
11.25	1.64	0
11.3	1.6	0
11.35	1.5	0
11.4	1.36	0
11.45	1.18	0
11.5	0.96	0
11.55	0.71	0
11.6	0.44	0
11.65	0.16	0
11.7	-0.13	0
11.75	-0.39	0
11.8	-0.66	0
11.85	-0.91	0
11.9	-1.13	0
11.95	-1.31	0
12	-1.44	0
12.05	-1.53	0
12.1	-1.59	0
12.15	-1.6	0
12.2	-1.56	0
12.25	-1.46	0
12.3	-1.32	0
12.35	-1.15	0
12.4	-0.95	0
12.45	-0.71	0
12.5	-0.47	0
12.55	-0.2	0
12.6	0.08	0
12.65	0.35	0
12.7	0.61	0
12.75	0.83	0
12.8	1.04	0
12.85	1.22	0
12.9	1.35	0
12.95	1.45	0
13	1.49	0
13.05	1.49	0
13.1	1.45	0
13.15	1.36	0
13.2	1.22	0
13.25	1.06	0
13.3	0.86	0
13.35	0.62	0
13.4	0.38	0
13.45	0.13	0
13.5	-0.13	0
13.55	-0.39	0
13.6	-0.63	0
13.65	-0.85	0
13.7	-1.04	0
13.75	-1.21	0
13.8	-1.33	0
13.85	-1.4	0
13.9	-1.45	0
13.95	-1.45	0
14	-1.39	0
14.05	-1.32	0
14.1	-1.19	0
14.15	-1.03	0
14.2	-0.83	0
14.25	-0.62	0
14.3	-0.39	0
14.35	-0.14	0
14.4	0.1	0
14.45	0.35	0
14.5	0.57	0
14.55	0.78	0
14.6	0.97	0
14.65	1.13	0
14.7	1.25	0
14.75	1.33	0
14.8	1.36	0
14.85	1.36	0
14.9	1.32	0
14.95	1.22	0
15	1.1	0
15.05	0.95	0
15.1	0.75	0
15.15	0.55	0
15.2	0.32	0
15.25	0.08	0
15.3	-0.14	0
15.35	-0.39	0
15.4	-0.61	0
15.45	-0.79	0
15.5	-0.97	0
15.55	-1.12	0
15.6	-1.22	0
15.65	-1.29	0
15.7	-1.32	0
15.75	-1.32	0
15.8	-1.27	0
15.85	-1.18	0
15.9	-1.07	0
15.95	-0.91	0
16	-0.74	0
16.05	-0.53	0
16.1	-0.33	0
16.15	-0.1	0
16.2	0.12	0
16.25	0.35	0
16.3	0.55	0
16.35	0.74	0
16.4	0.91	0
16.45	1.04	0
16.5	1.15	0
16.55	1.22	0
16.6	1.25	0
16.65	1.24	0
16.7	1.19	0
16.75	1.1	0
16.8	0.99	0
16.85	0.84	0
16.9	0.66	0
16.95	0.47	0
17	0.26	0
17.05	0.04	0
17.1	-0.17	0
17.15	-0.38	0
17.2	-0.57	0
17.25	-0.74	0
17.3	-0.9	0
17.35	-1.03	0
17.4	-1.13	0
17.45	-1.18	0
17.5	-1.21	0
17.55	-1.2	0
17.6	-1.14	0
17.65	-1.07	0
17.7	-0.96	0
17.75	-0.82	0
17.8	-0.65	0
17.85	-0.47	0
17.9	-0.26	0
17.95	-0.05	0
18	0.14	0
18.05	0.35	0
18.1	0.53	0
18.15	0.7	0
18.2	0.86	0
18.25	0.97	0
18.3	1.07	0
18.35	1.12	0
18.4	1.14	0
18.45	1.13	0
18.5	1.09	0
18.55	1	0
18.6	0.88	0
18.65	0.74	0
18.7	0.58	0
18.75	0.4	0
18.8	0.22	0
18.85	0.02	0
18.9	-0.17	0
18.95	-0.36	0
19	-0.54	0
19.05	-0.7	0
19.1	-0.84	0
19.15	-0.96	0
19.2	-1.03	0
19.25	-1.09	0
19.3	-1.1	0
19.35	-1.09	0
19.4	-1.04	0
19.45	-0.96	0
19.5	-0.86	0
19.55	-0.72	0
19.6	-0.57	0
19.65	-0.39	0
19.7	-0.22	0
19.75	-0.03	0
19.8	0.16	0
19.85	0.35	0
19.9	0.51	0
19.95	0.66	0
20	0.79	0
20.05	0.9	0
20.1	0.99	0
20.15	1.03	0
20.2	1.04	0
20.25	1.03	0
20.3	0.97	0
20.35	0.9	0
20.4	0.78	0
20.45	0.65	0
20.5	0.51	0
20.55	0.35	0
20.6	0.17	0
20.65	0	0
20.7	-0.18	0
20.75	-0.36	0
20.8	-0.52	0
20.85	-0.66	0
20.9	-0.78	0
20.95	-0.88	0
21	-0.96	0
21.05	-0.99	0
21.1	-1	0
21.15	-0.98	0
21.2	-0.94	0
21.25	-0.86	0
21.3	-0.75	0
21.35	-0.62	0
21.4	-0.48	0
21.45	-0.33	0
21.5	-0.16	0
21.55	0	0
21.6	0.17	0
21.65	0.35	0
21.7	0.49	0
21.75	0.63	0
21.8	0.74	0
21.85	0.83	0
21.9	0.9	0
21.95	0.95	0
22	0.96	0
22.05	0.92	0
22.1	0.87	0
22.15	0.79	0
22.2	0.7	0
22.25	0.58	0
22.3	0.44	0
22.35	0.29	0
22.4	0.13	0
22.45	-0.04	0
22.5	-0.2	0
22.55	-0.35	0
22.6	-0.49	0
22.65	-0.62	0
22.7	-0.74	0
22.75	-0.82	0
22.8	-0.87	0
22.85	-0.9	0
22.9	-0.91	0
22.95	-0.88	0
23	-0.83	0
23.05	-0.76	0
23.1	-0.66	0
23.15	-0.55	0
23.2	-0.41	0
23.25	-0.27	0
23.3	-0.12	0
23.35	0.04	0
23.4	0.18	0
23.45	0.34	0
23.5	0.48	0
23.55	0.6	0
23.6	0.7	0
23.65	0.77	0
23.7	0.83	0
23.75	0.86	0
23.8	0.87	0
23.85	0.84	0
23.9	0.78	0
23.95	0.71	0
24	0.61	0
24.05	0.5	0
24.1	0.37	0
24.15	0.23	0
24.2	0.09	0
24.25	-0.07	0
24.3	-0.21	0
24.35	-0.35	0
24.4	-0.48	0
24.45	-0.59	0
24.5	-0.67	0
24.55	-0.75	0
24.6	-0.79	0
24.65	-0.83	0
24.7	-0.83	0
24.75	-0.79	0
24.8	-0.74	0
24.85	-0.67	0
24.9	-0.58	0
24.95	-0.48	0
25	-0.35	0
25.05	-0.22	0
25.1	-0.08	0
25.15	0.05	0
25.2	0.21	0
25.25	0.34	0
25.3	0.45	0
25.35	0.57	0
25.4	0.65	0
25.45	0.72	0
25.5	0.76	0
25.55	0.78	0
25.6	0.78	0
25.65	0.75	0
25.7	0.7	0
25.75	0.63	0
25.8	0.53	0
25.85	0.44	0
25.9	0.32	0
25.95	0.18	0
26	0.05	0
26.05	-0.09	0
26.1	-0.22	0
26.15	-0.34	0
26.2	-0.45	0
26.25	-0.55	0
26.3	-0.63	0
26.35	-0.7	0
26.4	-0.73	0
26.45	-0.74	0
26.5	-0.74	0
26.55	-0.72	0
26.6	-0.66	0
26.65	-0.6	0
26.7	-0.51	0
26.75	-0.4	0
26.8	-0.29	0
26.85	-0.17	0
26.9	-0.04	0
26.95	0.09	0
27	0.21	0
27.05	0.32	0
27.1	0.44	0
27.15	0.52	0
27.2	0.61	0
27.25	0.65	0
27.3	0.7	0
27.35	0.71	0
27.4	0.71	0
27.45	0.69	0
27.5	0.62	0
27.55	0.57	0
27.6	0.48	0
27.65	0.38	0
27.7	0.26	0
27.75	0.14	0
27.8	0.03	0
27.85	-0.09	0
27.9	-0.22	0
27.95	-0.33	0
28	-0.42	0
28.05	-0.51	0
28.1	-0.58	0
28.15	-0.63	0
28.2	-0.66	0
28.25	-0.67	0
28.3	-0.66	0
28.35	-0.64	0
28.4	-0.6	0
28.45	-0.52	0
28.5	-0.45	0
28.55	-0.35	0
28.6	-0.25	0
28.65	-0.13	0
28.7	-0.02	0
28.75	0.1	0
28.8	0.21	0
28.85	0.3	0
28.9	0.4	0
28.95	0.49	0
29	0.55	0
29.05	0.61	0
29.1	0.64	0
29.15	0.65	0
29.2	0.64	0
29.25	0.61	0
29.3	0.57	0
29.35	0.49	0
29.4	0.41	0
29.45	0.33	0
29.5	0.22	0
29.55	0.12	0
29.6	0	0
29.65	-0.1	0
29.7	-0.22	0
29.75	-0.3	0
29.8	-0.39	0
29.85	-0.48	0
29.9	-0.53	0
29.95	-0.58	0
30	-0.61	0
30.05	-0.61	0
30.1	-0.61	0
30.15	-0.57	0
30.2	-0.52	0
30.25	-0.47	0
30.3	-0.39	0
30.35	-0.3	0
30.4	-0.21	0
30.45	-0.1	0
30.5	0	0
30.55	0.11	0
30.6	0.21	0
30.65	0.3	0
30.7	0.38	0
30.75	0.46	0
30.8	0.51	0
30.85	0.55	0
30.9	0.58	0
30.95	0.58	0
31	0.57	0
31.05	0.54	0
31.1	0.49	0
31.15	0.44	0
31.2	0.36	0
31.25	0.27	0
31.3	0.18	0
31.35	0.09	0
31.4	-0.01	0
31.45	-0.11	0
31.5	-0.21	0
31.55	-0.3	0
31.6	-0.37	0
31.65	-0.44	0
31.7	-0.49	0
31.75	-0.52	0
31.8	-0.55	0
31.85	-0.55	0
31.9	-0.53	0
31.95	-0.51	0
32	-0.47	0
32.05	-0.4	0
32.1	-0.34	0
32.15	-0.26	0
32.2	-0.17	0
32.25	-0.08	0
32.3	0.02	0
32.35	0.12	0
32.41	0.21	0
32.45	0.28	0
32.5	0.36	0
32.55	0.42	0
32.6	0.48	0
32.65	0.51	0
32.7	0.52	0
32.75	0.52	0
32.8	0.52	0
32.85	0.48	0
32.9	0.44	0
32.95	0.38	0
33	0.32	0
33.05	0.23	0
33.1	0.15	0
33.15	0.07	0
33.2	-0.03	0
33.25	-0.12	0
33.3	-0.21	0
33.35	-0.27	0
33.41	-0.35	0
33.45	-0.4	0
33.5	-0.45	0
33.55	-0.48	0
33.6	-0.49	0
33.65	-0.49	0
33.7	-0.48	0
33.75	-0.45	0
33.8	-0.41	0
33.85	-0.35	0
33.9	-0.29	0
33.95	-0.22	0
34	-0.13	0
34.05	-0.05	0
34.1	0.03	0
34.15	0.12	0
34.2	0.2	0
34.25	0.26	0
34.3	0.34	0
34.35	0.39	0
34.4	0.44	0
34.45	0.46	0
34.5	0.48	0
34.55	0.48	0
34.6	0.46	0
34.65	0.44	0
34.7	0.39	0
34.75	0.34	0
34.8	0.27	0
34.85	0.21	0
34.9	0.13	0
34.95	0.04	0
35	-0.04	0
35.05	-0.12	0
35.1	-0.18	0
35.15	-0.26	0
35.2	-0.32	0
35.25	-0.37	0
35.3	-0.4	0
35.35	-0.44	0
35.4	-0.45	0
35.45	-0.45	0
35.5	-0.44	0
35.55	-0.4	0
35.6	-0.36	0
35.65	-0.3	0
35.7	-0.25	0
35.75	-0.18	0
35.81	-0.11	0
35.85	-0.03	0
35.9	0.04	0
35.95	0.12	0
36	0.18	0
36.05	0.26	0
36.1	0.3	0
36.15	0.35	0
36.2	0.39	0
36.25	0.41	0
36.3	0.42	0
36.35	0.42	0
36.4	0.4	0
36.45	0.38	0
36.5	0.35	0
36.55	0.29	0
36.6	0.23	0
36.65	0.17	0
36.7	0.1	0
36.75	0.03	0
36.8	-0.04	0
36.85	-0.12	0
36.9	-0.17	0
36.95	-0.24	0
37	-0.29	0
37.05	-0.34	0
37.1	-0.37	0
37.15	-0.39	0
37.2	-0.39	0
37.25	-0.39	0
37.3	-0.39	0
37.35	-0.35	0
37.4	-0.32	0
37.45	-0.27	0
37.5	-0.22	0
37.55	-0.15	0
37.6	-0.09	0
37.65	-0.02	0
37.7	0.04	0
37.75	0.12	0
37.8	0.17	0
37.85	0.23	0
37.9	0.28	0
37.95	0.33	0
38	0.35	0
38.05	0.38	0
38.1	0.38	0
38.15	0.38	0
38.2	0.36	0
38.25	0.34	0
38.3	0.3	0
38.35	0.26	0
38.4	0.21	0
38.45	0.14	0
38.5	0.09	0
38.55	0.01	0
38.6	-0.04	0
38.65	-0.11	0
38.7	-0.17	0
38.75	-0.22	0
38.8	-0.26	0
38.85	-0.3	0
38.9	-0.34	0
38.95	-0.35	0
39	-0.35	0
39.05	-0.35	0
39.1	-0.34	0
39.15	-0.3	0
39.2	-0.27	0
39.25	-0.23	0
39.3	-0.18	0
39.35	-0.13	0
39.4	-0.08	0
39.45	-0.01	0
39.5	0.04	0
39.55	0.11	0
39.6	0.17	0
39.65	0.22	0
39.7	0.26	0
39.75	0.29	0
39.8	0.32	0
39.85	0.34	0
39.9	0.35	0
39.95	0.34	0
40	0.32	0
40.05	0.3	0
40.1	0.26	0
40.15	0.22	0
40.2	0.17	0
40.25	0.12	0
40.3	0.07	0
40.35	0	0
40.4	-0.04	0
40.45	-0.1	0
40.5	-0.16	0
40.55	-0.21	0
40.6	-0.24	0
40.65	-0.27	0
40.7	-0.3	0
40.75	-0.3	0
40.8	-0.32	0
40.85	-0.3	0
40.9	-0.3	0
40.95	-0.27	0
41	-0.24	0
41.05	-0.21	0
41.1	-0.15	0
41.15	-0.1	0
41.2	-0.05	0
41.25	0	0
41.3	0.05	0
41.35	0.1	0
41.4	0.15	0
41.45	0.2	0
41.5	0.23	0
41.56	0.26	0
41.6	0.28	0
41.65	0.3	0
41.7	0.3	0
41.75	0.3	0
41.8	0.28	0
41.85	0.26	0
41.9	0.23	0
41.95	0.18	0
42	0.14	0
42.05	0.1	0
42.1	0.04	0
42.15	0	0
42.2	-0.04	0
42.25	-0.1	0
42.3	-0.14	0
42.35	-0.18	0
42.4	-0.22	0
42.45	-0.25	0
42.5	-0.26	0
42.55	-0.27	0
42.6	-0.27	0
42.65	-0.27	0
42.7	-0.26	0
42.75	-0.23	0
42.8	-0.21	0
42.85	-0.17	0
42.9	-0.13	0
42.95	-0.09	0
43	-0.04	0
43.05	0	0
43.1	0.05	0
43.15	0.1	0
43.2	0.14	0
43.25	0.17	0
43.3	0.22	0
43.35	0.24	0
43.4	0.26	0
43.45	0.26	0
43.5	0.26	0
43.55	0.26	0
43.6	0.25	0
43.65	0.22	0
43.7	0.2	0
43.75	0.16	0
43.8	0.13	0
43.85	0.09	0
43.9	0.04	0
43.95	0	0
44	-0.04	0
44.05	-0.09	0
44.1	-0.13	0
44.15	-0.17	0
44.2	-0.2	0
44.25	-0.22	0
44.3	-0.23	0
44.35	-0.24	0
44.4	-0.25	0
44.45	-0.24	0
44.5	-0.22	0
44.55	-0.21	0
44.6	-0.17	0
44.65	-0.14	0
44.7	-0.11	0
44.75	-0.08	0
44.8	-0.03	0
44.85	0.01	0
44.9	0.05	0
44.95	0.09	0
45	0.13	0
45.05	0.16	0
45.1	0.18	0
45.15	0.22	0
45.2	0.22	0
45.25	0.23	0
45.3	0.23	0
45.35	0.23	0
45.4	0.22	0
45.45	0.2	0
45.5	0.17	0
45.55	0.13	0
45.6	0.1	0
45.65	0.07	0
45.7	0.03	0
45.75	-0.01	0
45.8	-0.04	0
45.85	-0.09	0
45.9	-0.12	0
45.95	-0.15	0
46	-0.17	0
46.05	-0.2	0
46.1	-0.21	0
46.15	-0.22	0
46.2	-0.22	0
46.25	-0.21	0
46.3	-0.2	0
46.35	-0.17	0
46.4	-0.14	0
46.45	-0.12	0
46.5	-0.09	0
46.55	-0.05	0
46.6	-0.01	0
46.65	0.02	0
46.7	0.05	0
46.75	0.09	0
46.8	0.12	0
46.85	0.14	0
46.9	0.17	0
46.95	0.18	0
47	0.21	0
47.05	0.21	0
47.1	0.21	0
47.15	0.2	0
47.2	0.18	0
47.25	0.17	0
47.3	0.14	0
47.35	0.12	0
47.4	0.09	0
47.45	0.05	0
47.5	0.01	0
47.55	-0.01	0
47.6	-0.04	0
47.65	-0.09	0
47.7	-0.11	0
47.75	-0.13	0
47.8	-0.15	0
47.85	-0.17	0
47.9	-0.17	0
47.95	-0.18	0
48	-0.18	0
48.05	-0.17	0
48.1	-0.16	0
48.15	-0.14	0
48.2	-0.13	0
48.25	-0.1	0
48.3	-0.08	0
48.35	-0.04	0
48.4	0	0
48.45	0.02	0
48.51	0.05	0
48.55	0.09	0
48.6	0.11	0
48.65	0.13	0
48.7	0.15	0
48.75	0.17	0
48.8	0.17	0
48.85	0.17	0
48.9	0.17	0
48.95	0.17	0
49	0.16	0
49.05	0.14	0
49.1	0.12	0
49.15	0.09	0
49.2	0.08	0
49.25	0.04	0
49.3	0.01	0
49.35	-0.01	0
49.4	-0.04	0
49.45	-0.08	0
49.5	-0.1	0
49.55	-0.12	0
49.6	-0.13	0
49.65	-0.14	0
49.7	-0.15	0
49.75	-0.16	0
49.8	-0.16	0
49.85	-0.15	0
49.91	-0.13	0
49.95	-0.13	0
50	-0.1	0
50.05	-0.09	0
50.1	-0.05	0
50.15	-0.03	0
50.21	0	0
50.25	0.03	0
50.3	0.04	0
50.36	0.08	0
50.4	0.1	0
50.45	0.12	0
50.5	0.13	0
50.55	0.14	0
50.6	0.15	0
50.65	0.15	0
50.7	0.15	0
50.75	0.14	0
50.8	0.13	0
50.85	0.12	0
50.9	0.1	0
50.95	0.09	0
51	0.05	0
51.06	0.03	0
51.1	0	0
51.15	-0.02	0
51.2	-0.04	0
51.25	-0.07	0
51.3	-0.09	0
51.35	-0.1	0
51.4	-0.12	0
51.45	-0.13	0
51.51	-0.13	0
51.55	-0.13	0
51.6	-0.13	0
51.65	-0.13	0
51.7	-0.12	0
51.75	-0.1	0
51.8	-0.09	0
51.85	-0.05	0
51.9	-0.04	0
51.96	-0.01	0
52.01	0	0
52.05	0.03	0
52.1	0.04	0
52.15	0.08	0
52.2	0.09	0
52.25	0.1	0
52.3	0.12	0
52.35	0.13	0
52.4	0.13	0
52.45	0.13	0
52.5	0.13	0
52.55	0.12	0
52.6	0.11	0
52.65	0.09	0
52.7	0.09	0
52.75	0.05	0
52.81	0.04	0
52.85	0.02	0
52.9	0	0
52.96	-0.02	0
53	-0.04	0
53.05	-0.05	0
53.1	-0.08	0
53.15	-0.09	0
53.2	-0.1	0
53.25	-0.11	0
53.3	-0.11	0
53.35	-0.12	0
53.4	-0.11	0
53.45	-0.1	0
53.5	-0.09	0
53.55	-0.09	0
53.6	-0.07	0
53.65	-0.04	0
53.7	-0.03	0
53.75	-0.01	0
53.8	0	0
53.85	0.03	0
53.9	0.04	0
53.95	0.07	0
54	0.08	0
54.05	0.09	0
54.1	0.1	0
54.15	0.11	0
54.21	0.11	0
54.25	0.11	0
54.3	0.11	0
54.35	0.1	0
54.4	0.09	0
54.45	0.09	0
54.5	0.07	0
54.55	0.04	0
54.6	0.03	0
54.65	0.01	0
54.7	0	0
54.75	-0.02	0
54.8	-0.04	0
54.85	-0.05	0
54.9	-0.07	0
54.95	-0.08	0
55	-0.09	0
55.05	-0.09	0
55.1	-0.09	0
55.15	-0.09	0
55.2	-0.09	0
55.25	-0.09	0
55.3	-0.08	0
55.35	-0.07	0
55.4	-0.04	0
55.45	-0.04	0
55.5	-0.02	0
55.55	0	0
55.6	0.01	0
55.65	0.03	0
55.7	0.04	0
55.75	0.05	0
55.8	0.08	0
55.85	0.08	0
55.9	0.09	0
55.95	0.09	0
56	0.09	0
56.05	0.09	0
56.1	0.09	0
56.16	0.09	0
56.2	0.08	0
56.25	0.07	0
56.3	0.04	0
56.35	0.04	0
56.4	0.02	0
56.45	0	0
56.5	0	0
56.55	-0.02	0
56.6	-0.03	0
56.65	-0.04	0
56.7	-0.05	0
56.75	-0.07	0
56.8	-0.08	0
56.85	-0.08	0
56.9	-0.08	0
56.95	-0.08	0
57	-0.08	0
57.05	-0.07	0
57.1	-0.05	0
57.15	-0.04	0
57.2	-0.04	0
57.25	-0.02	0
57.3	-0.01	0
57.35	0	0
57.4	0.01	0
57.45	0.03	0
57.5	0.04	0
57.55	0.04	0
57.6	0.05	0
57.65	0.07	0
57.7	0.08	0
57.75	0.08	0
57.8	0.08	0
57.85	0.08	0
57.9	0.08	0
57.95	0.07	0
58	0.05	0
58.05	0.04	0
58.1	0.04	0
58.15	0.03	0
58.2	0.01	0
58.25	0	0
58.3	0	0
58.35	-0.02	0
58.4	-0.03	0
58.45	-0.04	0
58.5	-0.04	0
58.55	-0.05	0
58.6	-0.05	0
58.65	-0.05	0
58.7	-0.05	0
58.75	-0.05	0
58.8	-0.05	0
58.85	-0.04	0
58.9	-0.04	0
58.96	-0.04	0
59	-0.03	0
59.05	-0.01	0
59.11	0	0
59.15	0	0
59.2	0.01	0
59.25	0.03	0
59.3	0.04	0
59.35	0.04	0
59.4	0.04	0
59.45	0.05	0
59.51	0.05	0
59.55	0.05	0
59.6	0.05	0
59.65	0.05	0
59.7	0.05	0
59.75	0.04	0
59.8	0.04	0
59.85	0.04	0
59.9	0.03	0
59.95	0.02	0
60.01	0.01	0
60.06	0	0
60.1	0	0
60.15	-0.01	0
60.2	-0.03	0
60.26	-0.03	0
60.31	-0.04	0
60.35	-0.04	0
60.4	-0.04	0
60.45	-0.04	0
60.5	-0.04	0
60.55	-0.04	0
60.6	-0.04	0
60.65	-0.04	0
60.7	-0.03	0
60.75	-0.02	0
60.8	-0.01	0
60.85	-0.01	0
60.91	0	0
60.95	0	0
61	0.01	0
61.05	0.02	0
61.11	0.03	0
61.16	0.04	0
61.2	0.04	0
61.25	0.04	0
61.3	0.04	0
61.35	0.04	0
61.4	0.04	0
61.45	0.04	0
61.5	0.04	0
61.56	0.04	0
61.6	0.03	0
61.66	0.03	0
61.71	0.02	0
61.75	0.01	0
61.8	0	0
61.85	0	0
61.91	0	0
61.95	-0.01	0
62.01	-0.02	0
62.06	-0.03	0
62.1	-0.03	0
62.15	-0.03	0
62.2	-0.03	0
62.25	-0.04	0
62.3	-0.04	0
62.35	-0.03	0
62.4	-0.03	0
62.45	-0.03	0
62.51	-0.02	0
62.56	-0.01	0
62.6	-0.01	0
62.66	0	0
62.71	0	0
62.75	0	0
62.8	0.01	0
62.85	0.02	0
62.9	0.03	0
62.95	0.03	0
63	0.03	0
63.05	0.04	0
63.1	0.04	0
63.16	0.04	0
63.2	0.04	0
63.25	0.04	0
63.3	0.03	0
63.35	0.03	0
63.41	0.02	0
63.45	0.02	0
63.51	0.01	0
63.55	0	0
63.6	0	0
63.65	0	0
63.7	0	0
63.76	-0.01	0
63.8	-0.01	0
63.85	-0.02	0
63.9	-0.02	0
63.96	-0.02	0
64.01	-0.02	0
64.05	-0.02	0
64.1	-0.02	0
64.15	-0.02	0
64.2	-0.02	0
64.25	-0.01	0
64.3	-0.01	0
64.35	0	0
64.4	0	0
64.46	0	0
64.5	0	0
64.55	0	0
64.6	0.01	0
64.66	0.01	0
64.71	0.02	0
64.75	0.02	0
64.8	0.02	0
64.85	0.03	0
64.9	0.03	0
64.95	0.03	0
65	0.03	0
65.05	0.02	0
65.1	0.02	0
65.15	0.02	0
65.2	0.01	0
65.25	0.01	0
65.3	0.01	0
65.35	0	0
65.41	0	0
65.45	0	0
65.5	0	0
65.55	0	0
65.6	-0.01	0
65.65	-0.01	0
65.7	-0.01	0
65.75	-0.01	0
65.8	-0.01	0
65.85	-0.01	0
65.9	-0.01	0
65.96	-0.01	0
66	-0.01	0
66.06	0	0
66.1	0	0
66.15	0	0
66.21	0	0
66.25	0	0
66.3	0	0
66.35	0	0
66.4	0.01	0
66.45	0.01	0
66.5	0.01	0
66.55	0.01	0
66.61	0.01	0
66.65	0.01	0
66.7	0.01	0
66.75	0.01	0
66.8	0.01	0
66.85	0.01	0
66.9	0.01	0
66.95	0.01	0
67	0.01	0
67.05	0	0
67.11	0	0
67.15	0	0
67.2	0	0
67.25	0	0
67.31	0	0
67.36	0	0
67.4	0	0
67.45	0	0
67.5	0	0
67.56	0	0
67.6	0	0
67.65	0	0
67.7	0	0
67.75	0	0
67.8	0	0
67.86	0	0
67.9	0	0
67.95	0	0
68	0	0
68.05	0	0
68.11	0	0
68.16	0	0
68.21	0	0
68.25	0	0
68.31	0	0
68.36	0	0
68.4	0	0
68.46	0	0
68.51	0	0
68.56	0	0
68.6	0	0
68.66	0	0
68.71	0	0
68.75	0	0
68.81	0	0
68.86	0	0
68.9	0	0
68.96	0	0
69	0	0
69.05	0	0
69.11	0	0
69.15	0	0
69.2	0	0
69.26	0	0
69.31	0	0
69.35	0	0
69.41	0	0
69.45	0	0
69.51	0	0
69.56	0	0
69.6	0	0
69.66	0	0
69.7	0	0
69.75	0	0
69.8	0	0
69.85	0	0
69.91	0	0
69.95	0	0
70	0	0
70.06	0	0
70.1	0	0
70.15	0	0
70.2	0	0
70.25	0	0
70.31	0	0
70.36	0	0
70.41	0	0
70.45	0	0
70.5	0	0
70.56	0	0
70.61	0	0
70.66	0	0
70.71	0	0
70.75	0	0
70.81	0	0
70.85	0	0
70.9	0	0
70.95	0	0
71	0	0
71.05	0	0
71.11	0	0
71.16	0	0
71.21	0	0
71.25	0	0
71.3	0	0
71.35	0	0
71.41	0	0
71.45	0	0
71.51	0	0
71.56	0	0
71.6	0	0
71.66	0	0
71.7	0	0
71.76	0	0
71.8	0	0
71.85	0	0
71.9	0	0
71.95	0	0
72.01	0	0
72.05	0	0
72.1	0	0
72.15	0	0
72.21	0	0
72.25	0	0
72.31	0	0
72.35	0	0
72.41	0	0
72.45	0	0
72.5	0	0
72.55	0	0
72.6	0	0
72.65	0	0
72.7	0	0
72.75	0	0
72.8	0	0
72.85	0	0
72.9	0	0
72.95	0	0
73	0	0
73.05	0	0
73.11	0	0
73.15	0	0
73.21	0	0
73.25	0	0
73.3	0	0
73.36	0	0
73.4	0	0
73.45	0	0
73.5	0	0
73.55	0	0
73.61	0	0
73.65	0	0
73.7	0	0
73.76	0	0
73.8	0	0
73.86	0	0
73.9	0	0
73.96	0	0
74.01	0	0
74.05	0	0
74.1	0	0
74.15	0	0
74.21	0	0
74.25	0	0
74.3	0	0
74.35	0	0
74.41	0	0
74.45	0	0
74.51	0	0
74.55	0	0
74.61	0	0
74.65	0	0
74.71	0	0
74.75	0	0
74.81	0	0
74.85	0	0
74.9	0	0
74.96	0	0
75.01	0	0
75.06	0	0
75.11	0	0
75.15	0	0
75.2	0	0
75.25	0	0
75.3	0	0
75.35	0	0
75.4	0	0
75.45	0	0
75.51	0	0
75.55	0	0
75.6	0	0
75.65	0	0
75.7	0	0
75.75	0	0
75.8	0	0
75.85	0	0
75.9	0	0
75.96	0	0
76.01	0	0
 
