#t / s	&b_A1 / rad	f_geschw / rad/s

*TITLE Messung von x und y vom 22.11.2016 
*xLabel Zeit
*yLabel Winkel        
*xUnit  sek
*yUnit  rad

#0	#1.12	#0
0.05	1.56	8
0.1	1.93	7
0.15	2.26	5.7
0.2	2.49	4.1
0.25	2.67	2.6
0.3	2.75	0.9
0.35	2.75	-0.8
0.4	2.67	-2.6
0.45	2.49	-4.2
0.5	2.25	-5.7
0.55	1.93	-6.9
0.6	1.56	-8
0.65	1.13	-9
0.7	0.65	-9.5
0.75	0.17	-9.7
0.8	-0.32	-9.7
0.85	-0.79	-9.4
0.9	-1.26	-8.7
0.95	-1.66	-7.8
1	-2.03	-6.8
1.05	-2.35	-5.4
1.1	-2.58	-3.9
1.15	-2.74	-2.2
1.2	-2.8	0.4
1.25	-2.7	2.9
1.3	-2.5	4.5
1.35	-2.25	5.8
1.4	-1.93	7
1.45	-1.56	7.9
1.5	-1.13	8.9
1.55	-0.65	9.5
1.6	-0.17	9.6
1.65	0.29	9.7
1.7	0.78	9.3
1.75	1.23	8.6
1.8	1.65	7.7
1.85	2	6.6
1.9	2.31	5.2
1.95	2.52	3.6
2	2.67	2.1
2.05	2.73	0.3
2.1	2.7	-1.3
2.15	2.6	-3
2.2	2.39	-4.7
2.25	2.13	-5.9
2.3	1.8	-7.3
2.35	1.39	-8.3
2.4	0.97	-8.9
2.45	0.52	-9.4
2.5	0.03	-9.6
2.55	-0.45	-9.5
2.6	-0.91	-9
2.65	-1.35	-8.4
2.7	-1.75	-7.5
2.75	-2.1	-6.3
2.8	-2.38	-5.1
2.85	-2.6	-3.5
2.9	-2.73	-1.8
2.95	-2.79	0.4
3	-2.7	2.5
3.05	-2.54	3.9
3.1	-2.31	5.3
3.15	-2.01	6.6
3.2	-1.65	7.6
3.25	-1.24	8.5
3.3	-0.79	9.1
3.35	-0.34	9.5
3.4	0.14	9.6
3.45	0.61	9.3
3.5	1.06	8.8
3.55	1.51	7.9
3.6	1.86	6.8
3.65	2.18	5.6
3.7	2.43	4.2
3.75	2.6	2.6
3.8	2.69	0.9
3.85	2.69	-0.8
3.9	2.61	-2.5
3.95	2.44	-4.2
4	2.19	-5.6
4.05	1.88	-6.6
4.1	1.52	-7.8
4.15	1.12	-8.7
4.2	0.66	-9.2
4.25	0.18	-9.5
4.3	-0.28	-9.3
4.35	-0.74	-9.1
4.4	-1.2	-8.7
4.45	-1.61	-7.6
4.5	-1.96	-6.6
4.55	-2.26	-5.4
4.6	-2.5	-3.9
4.65	-2.66	-2.4
4.7	-2.74	-0.8
4.75	-2.74	0.8
4.8	-2.66	2.4
4.85	-2.51	3.8
4.9	-2.27	5.2
4.95	-1.99	6.5
5	-1.62	7.6
5.05	-1.23	8.4
5.1	-0.78	9.1
5.15	-0.3	9.4
5.2	0.16	9.3
5.25	0.61	9.2
5.3	1.08	8.6
5.35	1.48	7.8
5.4	1.86	6.8
5.45	2.15	5.4
5.5	2.39	4.1
5.55	2.57	2.6
5.6	2.66	0.9
5.65	2.66	-0.9
5.7	2.57	-2.6
5.75	2.4	-4
5.8	2.17	-5.4
5.85	1.87	-6.7
5.9	1.49	-7.8
5.95	1.09	-8.5
6	0.64	-9.2
6.05	0.17	-9.5
6.1	-0.3	-9.3
6.15	-0.76	-8.9
6.2	-1.19	-8.5
6.25	-1.6	-7.6
6.3	-1.95	-6.4
6.35	-2.25	-5.3
6.4	-2.48	-3.8
6.45	-2.62	-2.3
6.5	-2.71	-0.9
6.55	-2.71	0.8
6.6	-2.63	2.3
6.65	-2.48	3.8
6.7	-2.24	5.3
6.75	-1.96	6.4
6.8	-1.6	7.5
6.85	-1.21	8.3
6.9	-0.77	8.9
6.95	-0.32	9.4
7	0.17	9.2
7.05	0.62	8.9
7.1	1.06	8.6
7.15	1.47	7.7
7.2	1.83	6.6
7.25	2.13	5.5
7.3	2.38	3.9
7.35	2.52	2.3
7.4	2.61	0.9
7.45	2.61	-0.8
7.5	2.54	-2.3
7.55	2.38	-3.9
7.6	2.14	-5.4
7.65	1.84	-6.6
7.7	1.48	-7.6
7.75	1.08	-8.4
7.8	0.64	-9
7.85	0.17	-9.3
7.9	-0.29	-9.1
7.95	-0.75	-8.8
8	-1.18	-8.3
8.05	-1.57	-7.4
8.1	-1.92	-6.5
8.15	-2.22	-5.2
8.2	-2.44	-3.8
8.25	-2.6	-2.4
8.3	-2.68	-0.8
8.35	-2.68	0.8
8.4	-2.6	2.4
8.45	-2.44	3.8
8.5	-2.22	5.1
8.55	-1.92	6.4
8.6	-1.58	7.4
8.65	-1.18	8.2
8.7	-0.75	8.7
8.75	-0.3	9.1
8.8	0.15	9.3
8.85	0.61	8.9
8.9	1.04	8.4
8.95	1.45	7.6
9	1.81	6.5
9.05	2.1	5.4
9.1	2.35	4
9.15	2.5	2.3
9.2	2.58	0.8
9.25	2.58	-0.8
9.3	2.49	-2.3
9.35	2.35	-3.9
9.4	2.11	-5.4
9.45	1.81	-6.6
9.5	1.46	-7.6
9.55	1.06	-8.4
9.6	0.62	-8.8
9.65	0.16	-9.1
9.7	-0.3	-9.1
9.75	-0.74	-8.8
9.8	-1.18	-8.1
9.85	-1.57	-7.3
9.9	-1.9	-6.3
9.95	-2.19	-5
10	-2.4	-3.8
10.05	-2.57	-2.4
10.1	-2.64	-0.7
10.15	-2.64	0.7
10.2	-2.57	2.4
10.25	-2.4	3.9
10.3	-2.18	5
10.35	-1.9	6.2
10.4	-1.57	7.3
10.45	-1.16	8.2
10.5	-0.74	8.7
10.55	-0.3	9
10.6	0.16	9.1
10.65	0.61	8.9
10.7	1.04	8.3
10.75	1.44	7.4
10.8	1.78	6.5
10.85	2.09	5.2
10.9	2.31	3.9
10.95	2.48	2.5
11	2.56	0.8
11.05	2.56	-0.8
11.1	2.48	-2.5
11.15	2.31	-4
11.2	2.08	-5.3
11.25	1.78	-6.5
11.3	1.44	-7.4
11.35	1.04	-8.3
11.4	0.61	-8.8
11.45	0.16	-9
11.5	-0.29	-9
11.55	-0.74	-8.6
11.6	-1.15	-8
11.65	-1.55	-7.2
11.7	-1.88	-6.3
11.75	-2.17	-5.1
11.8	-2.38	-3.6
11.85	-2.52	-2.2
11.9	-2.61	-0.9
11.95	-2.61	0.9
12	-2.52	2.3
12.05	-2.38	3.7
12.1	-2.14	5.1
12.15	-1.87	6.2
12.2	-1.53	7.3
12.25	-1.15	8
12.3	-0.74	8.6
12.35	-0.29	8.9
12.4	0.16	9
12.45	0.61	8.6
12.5	1.03	8.1
12.55	1.43	7.5
12.6	1.77	6.3
12.65	2.06	5.2
12.7	2.3	3.8
12.75	2.44	2.3
12.8	2.52	0.9
12.85	2.52	-0.9
12.9	2.44	-2.5
12.95	2.27	-3.9
13	2.05	-5.1
13.05	1.76	-6.3
13.1	1.41	-7.4
13.15	1.02	-8.1
13.2	0.61	-8.6
13.25	0.15	-9
13.3	-0.29	-8.9
13.35	-0.73	-8.5
13.4	-1.14	-7.9
13.45	-1.52	-7.2
13.5	-1.86	-6.2
13.55	-2.13	-4.9
13.6	-2.35	-3.7
13.65	-2.5	-2.1
13.7	-2.57	-0.7
13.75	-2.57	0.8
13.8	-2.49	2.2
13.85	-2.35	3.6
13.9	-2.13	5
13.95	-1.84	6.2
14	-1.51	7.1
14.05	-1.13	8
14.1	-0.71	8.5
14.15	-0.27	8.7
14.2	0.15	8.8
14.25	0.61	8.5
14.3	1.01	7.9
14.35	1.4	7.3
14.4	1.74	6.4
14.45	2.05	5.2
14.5	2.26	3.6
14.55	2.4	2.2
14.6	2.48	0.8
14.65	2.48	-0.8
14.7	2.4	-2.2
14.75	2.26	-3.7
14.8	2.02	-5.2
14.85	1.74	-6.3
14.9	1.39	-7.3
14.95	1	-8.2
15	0.58	-8.6
15.05	0.15	-8.7
15.1	-0.29	-8.8
15.15	-0.73	-8.4
15.2	-1.13	-7.8
15.25	-1.51	-7
15.3	-1.84	-6
15.35	-2.11	-5
15.4	-2.34	-3.6
15.45	-2.48	-1.9
15.5	-2.54	-0.6
15.55	-2.54	0.8
15.6	-2.46	2.3
15.65	-2.31	3.7
15.7	-2.09	4.9
15.75	-1.82	6.1
15.8	-1.48	7.1
15.85	-1.11	7.8
15.9	-0.7	8.5
15.95	-0.27	8.7
16	0.17	8.7
16.05	0.61	8.4
16.1	1.01	7.9
16.15	1.39	7.2
16.2	1.74	6.2
16.25	2.01	4.9
16.3	2.23	3.7
16.35	2.38	2.3
16.4	2.46	0.7
16.45	2.45	-0.9
16.5	2.37	-2.3
16.55	2.22	-3.7
16.6	2	-5.2
16.65	1.7	-6.4
16.7	1.36	-7.2
16.75	0.99	-7.9
16.8	0.57	-8.5
16.85	0.13	-8.6
16.9	-0.3	-8.6
16.95	-0.74	-8.3
17	-1.13	-7.7
17.05	-1.5	-7
17.1	-1.83	-5.9
17.15	-2.09	-4.7
17.2	-2.31	-3.4
17.25	-2.44	-2.1
17.3	-2.51	-0.8
17.35	-2.51	0.8
17.4	-2.43	2.4
17.45	-2.27	3.7
17.5	-2.07	4.9
17.55	-1.78	6
17.6	-1.46	7
17.65	-1.09	7.8
17.7	-0.67	8.4
17.75	-0.26	8.6
17.8	0.17	8.6
17.85	0.61	8.4
17.9	1.01	7.8
17.95	1.39	7.1
18	1.72	6.1
18.05	2	5
18.1	2.22	3.5
18.15	2.35	2.2
18.2	2.44	0.8
18.25	2.43	-1
18.3	2.34	-2.5
18.35	2.18	-3.8
18.4	1.96	-5.1
18.45	1.66	-6.2
18.5	1.33	-7.2
18.55	0.96	-7.9
18.6	0.55	-8.3
18.65	0.13	-8.6
18.7	-0.3	-8.6
18.75	-0.73	-8.3
18.8	-1.13	-7.6
18.85	-1.48	-6.8
18.9	-1.81	-5.9
18.95	-2.08	-4.7
19	-2.27	-3.4
19.05	-2.42	-2.1
19.1	-2.48	-0.7
19.15	-2.48	0.9
19.2	-2.39	2.4
19.25	-2.24	3.6
19.3	-2.03	4.9
19.35	-1.75	6
19.4	-1.44	6.9
19.45	-1.06	7.7
19.5	-0.66	8.1
19.55	-0.25	8.5
19.6	0.18	8.6
19.65	0.61	8.2
19.7	1.01	7.7
19.75	1.38	6.9
19.8	1.7	6
19.85	1.99	4.8
19.9	2.19	3.5
19.95	2.34	2.1
20	2.39	0.5
20.05	2.39	-0.9
20.1	2.31	-2.4
20.15	2.15	-3.7
20.2	1.93	-5
20.25	1.65	-6.2
20.3	1.32	-7.1
20.35	0.95	-7.8
20.4	0.53	-8.3
20.45	0.12	-8.4
20.5	-0.32	-8.5
20.55	-0.73	-8.1
20.6	-1.12	-7.5
20.65	-1.48	-6.6
20.7	-1.78	-5.7
20.75	-2.06	-4.7
20.8	-2.25	-3.5
20.85	-2.39	-1.9
20.9	-2.45	-0.5
20.95	-2.44	0.9
21	-2.36	2.2
21.05	-2.21	3.7
21.1	-2	4.8
21.15	-1.73	5.9
21.2	-1.4	6.9
21.25	-1.03	7.5
21.3	-0.65	8.1
21.35	-0.22	8.4
21.4	0.18	8.4
21.45	0.61	8.2
21.5	1	7.6
21.55	1.37	6.9
21.6	1.7	5.9
21.65	1.96	4.7
21.7	2.17	3.5
21.75	2.31	2.1
21.8	2.37	0.5
21.85	2.36	-1
21.9	2.27	-2.3
21.95	2.13	-3.6
22	1.92	-5.1
22.05	1.62	-6.1
22.1	1.29	-7
22.15	0.91	-7.7
22.2	0.52	-8.2
22.25	0.1	-8.3
22.3	-0.3	-8.3
22.35	-0.73	-8.1
22.4	-1.12	-7.4
22.45	-1.46	-6.6
22.5	-1.78	-5.7
22.55	-2.03	-4.4
22.6	-2.22	-3.2
22.65	-2.36	-2
22.7	-2.43	-0.5
22.75	-2.4	1
22.8	-2.33	2.3
22.85	-2.18	3.6
22.9	-1.96	4.8
22.95	-1.7	5.8
23	-1.38	6.8
23.05	-1.02	7.6
23.1	-0.63	8
23.15	-0.22	8.3
23.2	0.22	8.3
23.25	0.61	8
23.3	1	7.4
23.35	1.35	6.7
23.4	1.68	6
23.45	1.95	4.6
23.5	2.13	3.3
23.55	2.27	2.2
23.6	2.35	0.6
23.65	2.34	-1
23.7	2.25	-2.5
23.75	2.09	-3.8
23.8	1.87	-4.8
23.85	1.61	-6
23.9	1.27	-7
23.95	0.9	-7.6
24	0.5	-8.2
24.05	0.09	-8.3
24.1	-0.33	-8.2
24.15	-0.73	-7.9
24.2	-1.12	-7.2
24.25	-1.46	-6.5
24.3	-1.76	-5.6
24.35	-2.01	-4.5
24.4	-2.22	-3.1
24.45	-2.33	-1.8
24.5	-2.39	-0.5
24.55	-2.38	0.9
24.6	-2.3	2.4
24.65	-2.14	3.6
24.7	-1.94	4.8
24.75	-1.65	5.9
24.8	-1.35	6.6
24.85	-1	7.4
24.9	-0.61	7.9
24.95	-0.21	8.2
25	0.22	8.1
25.05	0.61	7.9
25.1	1	7.5
25.15	1.35	6.5
25.2	1.65	5.7
25.25	1.93	4.7
25.3	2.13	3.4
25.35	2.26	1.8
25.4	2.31	0.4
25.45	2.31	-0.9
25.5	2.22	-2.5
25.55	2.06	-3.8
25.6	1.84	-4.9
25.65	1.57	-5.9
25.7	1.25	-6.9
25.75	0.88	-7.6
25.8	0.48	-8
25.85	0.08	-8.2
25.9	-0.34	-8.2
25.95	-0.74	-7.7
26	-1.11	-7.1
26.05	-1.45	-6.4
26.1	-1.74	-5.6
26.15	-2	-4.3
26.2	-2.18	-3.1
26.25	-2.31	-1.8
26.3	-2.36	-0.4
26.35	-2.35	1
26.4	-2.26	2.3
26.45	-2.12	3.5
26.5	-1.92	4.7
26.55	-1.65	5.9
26.6	-1.33	6.8
26.65	-0.97	7.3
26.7	-0.6	7.8
26.75	-0.18	8.1
26.8	0.22	8
26.85	0.61	7.9
26.9	1	7.3
26.95	1.35	6.5
27	1.65	5.7
27.05	1.92	4.4
27.1	2.1	3.1
27.15	2.22	2
27.2	2.3	0.5
27.25	2.27	-1.1
27.3	2.19	-2.3
27.35	2.05	-3.7
27.4	1.82	-5
27.45	1.55	-6
27.5	1.22	-6.8
27.55	0.86	-7.4
27.6	0.47	-8
27.65	0.07	-8.2
27.7	-0.35	-8
27.75	-0.74	-7.6
27.8	-1.1	-7
27.85	-1.44	-6.4
27.9	-1.74	-5.3
27.95	-1.97	-4.3
28	-2.17	-3
28.05	-2.27	-1.7
28.1	-2.34	-0.4
28.15	-2.32	1.1
28.2	-2.23	2.3
28.25	-2.09	3.5
28.3	-1.88	4.8
28.35	-1.61	5.8
28.4	-1.31	6.4
28.45	-0.96	7.3
28.5	-0.58	7.9
28.55	-0.17	7.9
28.6	0.22	7.9
28.65	0.62	7.7
28.7	1	7.2
28.75	1.34	6.5
28.8	1.64	5.5
28.85	1.89	4.4
28.9	2.09	3.2
28.95	2.21	1.7
29	2.26	0.5
29.05	2.25	-1
29.1	2.17	-2.5
29.15	2	-3.8
29.2	1.78	-4.8
29.25	1.52	-5.9
29.3	1.19	-6.9
29.35	0.84	-7.4
29.4	0.46	-7.8
29.45	0.05	-8
29.5	-0.35	-7.8
29.55	-0.73	-7.5
29.6	-1.09	-7.1
29.65	-1.44	-6.3
29.7	-1.72	-5.2
29.75	-1.96	-4.1
29.8	-2.13	-3
29.85	-2.26	-1.7
29.9	-2.31	-0.3
29.95	-2.3	1
30	-2.21	2.4
30.05	-2.06	3.6
30.1	-1.85	4.7
30.15	-1.59	5.7
30.2	-1.27	6.6
30.25	-0.92	7.2
30.3	-0.53	7.6
30.35	-0.16	7.8
30.4	0.23	7.9
30.45	0.62	7.7
30.5	1	7.2
30.55	1.34	6.2
30.6	1.62	5.3
30.65	1.87	4.3
30.7	2.06	3
30.75	2.18	1.8
30.8	2.23	0.4
30.85	2.22	-1
30.9	2.13	-2.5
30.95	1.97	-3.8
31	1.75	-4.8
31.05	1.49	-5.8
31.1	1.16	-6.7
31.15	0.83	-7.4
31.2	0.44	-7.9
31.25	0.04	-7.8
31.3	-0.35	-7.8
31.35	-0.74	-7.4
31.4	-1.09	-6.9
31.45	-1.43	-6.2
31.5	-1.71	-5.2
31.55	-1.95	-4.1
31.6	-2.12	-2.8
31.65	-2.23	-1.6
31.7	-2.27	-0.3
31.75	-2.26	1
31.8	-2.18	2.3
31.85	-2.03	3.4
31.9	-1.83	4.7
31.95	-1.56	5.7
32	-1.26	6.5
32.05	-0.91	7.3
32.1	-0.53	7.6
32.15	-0.15	7.8
32.2	0.25	7.7
32.25	0.62	7.5
32.3	1	7.1
32.35	1.33	6.1
32.4	1.61	5.4
32.45	1.87	4.3
32.5	2.05	3
32.55	2.17	1.8
32.6	2.22	0.2
32.65	2.19	-1.2
32.7	2.1	-2.4
32.75	1.95	-3.6
32.8	1.74	-4.8
32.85	1.47	-6
32.9	1.14	-6.7
32.95	0.79	-7.2
33	0.44	-7.6
33.05	0.03	-7.8
33.1	-0.36	-7.7
33.15	-0.74	-7.4
33.2	-1.09	-6.8
33.25	-1.43	-6
33.3	-1.7	-5
33.35	-1.93	-4.1
33.4	-2.1	-2.9
33.45	-2.21	-1.6
33.5	-2.26	-0.2
33.55	-2.23	1.2
33.6	-2.14	2.3
33.65	-2	3.5
33.7	-1.78	4.7
33.75	-1.52	5.7
33.8	-1.22	6.5
33.85	-0.88	7
33.9	-0.52	7.5
33.95	-0.13	7.9
34	0.26	7.7
34.05	0.64	7.3
34.1	0.99	6.8
34.15	1.32	6.1
34.2	1.61	5.2
34.25	1.84	4.2
34.3	2.03	2.9
34.35	2.13	1.5
34.4	2.19	0.5
34.45	2.18	-1.1
34.5	2.08	-2.6
34.55	1.92	-3.7
34.6	1.71	-4.8
34.65	1.44	-5.8
34.7	1.13	-6.6
34.75	0.77	-7.3
34.8	0.4	-7.6
34.85	0.02	-7.6
34.9	-0.36	-7.5
34.95	-0.74	-7.3
35	-1.09	-6.7
35.05	-1.4	-6
35.1	-1.7	-5.1
35.15	-1.92	-3.9
35.2	-2.09	-2.7
35.25	-2.19	-1.3
35.3	-2.22	-0.2
35.35	-2.21	1
35.4	-2.12	2.4
35.45	-1.97	3.6
35.5	-1.76	4.7
35.55	-1.5	5.6
35.6	-1.21	6.3
35.65	-0.87	7
35.7	-0.51	7.5
35.75	-0.13	7.6
35.8	0.26	7.7
35.85	0.64	7.4
35.9	1	6.7
35.95	1.32	6
36	1.61	5.1
36.05	1.84	3.9
36.1	2	2.9
36.15	2.12	1.6
36.2	2.17	0.1
36.25	2.13	-1.2
36.3	2.05	-2.5
36.35	1.88	-3.7
36.4	1.68	-4.8
36.46	1.39	-5.9
36.5	1.1	-6.6
36.55	0.74	-7
36.6	0.39	-7.5
36.65	0	-7.7
36.7	-0.39	-7.4
36.75	-0.75	-7
36.8	-1.09	-6.6
36.85	-1.4	-5.9
36.9	-1.68	-5
36.95	-1.9	-3.8
37	-2.06	-2.6
37.05	-2.17	-1.5
37.1	-2.21	-0.1
37.15	-2.18	1.2
37.2	-2.09	2.3
37.25	-1.95	3.5
37.3	-1.74	4.7
37.35	-1.48	5.6
37.4	-1.18	6.4
37.45	-0.84	7
37.5	-0.48	7.4
37.55	-0.1	7.5
37.6	0.27	7.5
37.65	0.65	7.3
37.7	1	6.6
37.75	1.32	6
37.8	1.6	5.1
37.85	1.83	3.9
37.9	1.99	2.7
37.95	2.1	1.4
38	2.13	0.2
38.05	2.12	-1.1
38.1	2.02	-2.5
38.15	1.87	-3.7
38.2	1.65	-4.8
38.25	1.39	-5.8
38.31	1.06	-6.6
38.35	0.74	-7.1
38.41	0.35	-7.4
38.45	0	-7.5
38.5	-0.38	-7.5
38.55	-0.76	-7
38.6	-1.09	-6.5
38.65	-1.39	-5.7
38.7	-1.65	-4.9
38.75	-1.88	-3.9
38.8	-2.05	-2.6
38.85	-2.14	-1.3
38.9	-2.18	-0.1
38.95	-2.15	1.1
39	-2.07	2.4
39.05	-1.92	3.6
39.1	-1.71	4.7
39.15	-1.45	5.5
39.2	-1.14	6.3
39.26	-0.79	7
39.3	-0.46	7.4
39.35	-0.09	7.5
39.4	0.29	7.3
39.45	0.65	7.1
39.5	1	6.5
39.55	1.31	5.9
39.6	1.59	5.1
39.65	1.82	3.8
39.7	1.97	2.6
39.75	2.08	1.6
39.8	2.12	0
39.85	2.09	-1.2
39.9	2	-2.5
39.95	1.84	-3.8
40	1.62	-4.8
40.05	1.36	-5.7
40.1	1.06	-6.5
40.15	0.72	-7
40.2	0.35	-7.3
40.25	-0.01	-7.4
40.3	-0.39	-7.3
40.35	-0.75	-7
40.4	-1.09	-6.4
40.45	-1.39	-5.6
40.5	-1.65	-4.8
40.55	-1.87	-3.7
40.6	-2.02	-2.6
40.65	-2.12	-1.3
40.7	-2.15	-0.1
40.75	-2.13	1.2
40.8	-2.05	2.5
40.85	-1.88	3.6
40.9	-1.69	4.6
40.95	-1.43	5.6
41	-1.13	6.4
41.05	-0.78	7
41.1	-0.44	7.2
41.15	-0.07	7.4
41.2	0.3	7.3
41.25	0.65	6.9
41.3	1	6.5
41.35	1.31	5.8
41.4	1.58	4.9
41.45	1.8	3.9
41.5	1.96	2.6
41.55	2.06	1.3
41.6	2.09	0
41.65	2.06	-1.3
41.7	1.96	-2.5
41.75	1.81	-3.6
41.8	1.61	-4.7
41.85	1.33	-5.8
41.9	1.03	-6.4
41.95	0.7	-7
42	0.34	-7.3
42.05	-0.04	-7.4
42.1	-0.4	-7.2
42.15	-0.75	-6.9
42.2	-1.09	-6.4
42.25	-1.39	-5.7
42.3	-1.65	-4.6
42.35	-1.86	-3.5
42.4	-2	-2.4
42.45	-2.1	-1.3
42.5	-2.13	0
42.55	-2.1	1.3
42.6	-2	2.4
42.65	-1.86	3.5
42.7	-1.65	4.6
42.75	-1.39	5.6
42.8	-1.1	6.2
42.85	-0.77	6.8
42.9	-0.4	7.2
42.95	-0.05	7.2
43	0.3	7.2
43.05	0.66	6.9
43.1	1	6.4
43.15	1.31	5.7
43.2	1.57	4.7
43.25	1.78	3.8
43.3	1.95	2.7
43.35	2.05	1.3
43.4	2.08	0
43.45	2.05	-1.3
43.5	1.95	-2.6
43.55	1.78	-3.8
43.6	1.57	-4.8
43.66	1.29	-5.7
43.7	1	-6.4
43.75	0.66	-7
43.8	0.3	-7.2
43.85	-0.05	-7.2
43.9	-0.41	-7.2
43.95	-0.77	-6.8
44	-1.1	-6.1
44.05	-1.39	-5.5
44.1	-1.64	-4.5
44.15	-1.84	-3.5
44.2	-1.99	-2.4
44.25	-2.08	-1.1
44.3	-2.1	0.1
44.36	-2.07	1.4
44.4	-1.97	2.5
44.45	-1.83	3.6
44.5	-1.61	4.7
44.55	-1.36	5.4
44.6	-1.08	6.2
44.65	-0.74	6.9
44.7	-0.39	7
44.75	-0.04	7.2
44.8	0.33	7.2
44.85	0.67	6.8
44.9	1	6.3
44.95	1.31	5.7
45	1.57	4.7
45.05	1.77	3.5
45.1	1.92	2.4
45.15	2.01	1.3
45.2	2.05	-0.1
45.25	2	-1.3
45.3	1.92	-2.5
45.35	1.75	-3.8
45.4	1.53	-4.8
45.45	1.27	-5.6
45.5	0.97	-6.2
45.55	0.65	-6.8
45.6	0.29	-7.2
45.65	-0.07	-7.3
45.7	-0.44	-7.1
45.75	-0.77	-6.5
45.8	-1.09	-6.1
45.85	-1.38	-5.4
45.9	-1.63	-4.4
45.95	-1.83	-3.3
46	-1.97	-2.3
46.05	-2.06	-1.2
46.1	-2.09	0.1
46.15	-2.05	1.3
46.2	-1.96	2.5
46.25	-1.8	3.7
46.3	-1.59	4.5
46.35	-1.34	5.5
46.4	-1.04	6.3
46.45	-0.71	6.6
46.5	-0.38	7
46.55	-0.01	7.2
46.6	0.35	7.1
46.65	0.7	6.7
46.7	1.01	6.1
46.75	1.31	5.5
46.8	1.57	4.6
46.85	1.76	3.5
46.9	1.92	2.4
46.95	2	1.1
47	2.02	-0.1
47.05	1.99	-1.4
47.1	1.88	-2.7
47.15	1.72	-3.7
47.2	1.5	-4.8
47.25	1.25	-5.5
47.3	0.96	-6.4
47.35	0.62	-6.9
47.4	0.27	-7
47.45	-0.09	-7.1
47.5	-0.44	-6.9
47.55	-0.78	-6.6
47.6	-1.1	-5.9
47.65	-1.37	-5.3
47.7	-1.62	-4.4
47.75	-1.82	-3.4
47.8	-1.96	-2.2
47.85	-2.03	-1
47.9	-2.06	0.2
47.95	-2.01	1.4
48	-1.92	2.4
48.05	-1.77	3.5
48.1	-1.56	4.6
48.15	-1.31	5.5
48.2	-1.01	6.1
48.25	-0.7	6.6
48.3	-0.35	6.9
48.35	0	7
48.4	0.35	7.1
48.45	0.7	6.6
48.5	1.01	6.1
48.55	1.31	5.5
48.6	1.56	4.4
48.65	1.74	3.3
48.7	1.89	2.2
48.75	1.97	1.1
48.8	2	-0.1
48.85	1.96	-1.4
48.9	1.86	-2.7
48.95	1.7	-3.8
49	1.48	-4.7
49.05	1.22	-5.6
49.1	0.91	-6.2
49.15	0.6	-6.6
49.2	0.26	-7
49.25	-0.11	-7
49.3	-0.45	-6.8
49.35	-0.78	-6.4
49.4	-1.09	-6
49.45	-1.38	-5.2
49.5	-1.61	-4.1
49.55	-1.8	-3.3
49.6	-1.94	-2.2
49.65	-2.01	-1
49.7	-2.03	0.2
49.75	-1.99	1.4
49.8	-1.89	2.5
49.85	-1.74	3.7
49.9	-1.52	4.7
49.95	-1.27	5.3
50	-0.99	6
50.05	-0.66	6.6
50.1	-0.34	6.9
50.15	0.02	7.1
50.2	0.37	6.8
50.25	0.7	6.5
50.3	1.02	6.1
50.35	1.31	5.2
50.4	1.55	4.4
50.45	1.74	3.3
50.5	1.87	2.2
50.55	1.96	1
50.6	1.97	-0.3
50.65	1.93	-1.4
50.7	1.83	-2.6
50.75	1.66	-3.8
50.8	1.45	-4.7
50.85	1.2	-5.4
50.9	0.9	-6.3
50.95	0.57	-6.8
51	0.23	-6.9
51.05	-0.12	-6.9
51.1	-0.47	-6.6
51.15	-0.78	-6.3
51.2	-1.1	-5.9
51.25	-1.37	-5.1
51.3	-1.61	-4.1
51.35	-1.78	-3.1
51.4	-1.92	-2.1
51.45	-1.99	-0.9
51.5	-2	0.3
51.55	-1.96	1.3
51.6	-1.87	2.6
51.65	-1.7	3.7
51.7	-1.5	4.5
51.75	-1.25	5.3
51.81	-0.96	6.1
51.85	-0.65	6.6
51.9	-0.3	6.9
51.95	0.03	6.9
52	0.38	6.8
52.05	0.73	6.4
52.1	1.02	5.8
52.15	1.31	5.1
52.2	1.53	4.3
52.26	1.74	3.3
52.3	1.87	2
52.35	1.94	0.9
52.4	1.96	-0.2
52.45	1.92	-1.6
52.5	1.8	-2.7
52.55	1.64	-3.7
52.6	1.43	-4.7
52.65	1.18	-5.6
52.7	0.87	-6.2
52.75	0.55	-6.5
52.8	0.22	-6.9
52.85	-0.14	-6.9
52.9	-0.48	-6.6
52.95	-0.81	-6.2
53	-1.1	-5.7
53.05	-1.36	-5
53.1	-1.6	-4.1
53.15	-1.77	-3.1
53.2	-1.9	-1.9
53.25	-1.97	-0.9
53.3	-1.99	0.3
53.35	-1.94	1.7
53.4	-1.83	2.7
53.46	-1.66	3.5
53.5	-1.48	4.5
53.55	-1.22	5.4
53.6	-0.94	6.1
53.65	-0.61	6.5
53.7	-0.28	6.6
53.75	0.05	6.7
53.8	0.39	6.7
53.85	0.73	6.4
53.9	1.03	5.8
53.95	1.31	5
54	1.53	4.1
54.05	1.72	3.1
54.1	1.84	2
54.15	1.92	0.9
54.2	1.93	-0.4
54.25	1.87	-1.5
54.3	1.77	-2.6
54.35	1.61	-3.8
54.4	1.39	-4.8
54.45	1.13	-5.6
54.5	0.84	-6.2
54.55	0.52	-6.5
54.6	0.18	-6.7
54.65	-0.15	-6.7
54.7	-0.49	-6.6
54.75	-0.82	-6.1
54.8	-1.1	-5.6
54.86	-1.38	-4.9
54.9	-1.59	-3.9
54.95	-1.76	-2.9
55	-1.88	-2
55.05	-1.96	-0.7
55.1	-1.96	0.5
55.15	-1.92	1.5
55.2	-1.81	2.6
55.25	-1.65	3.7
55.3	-1.44	4.7
55.35	-1.19	5.2
55.4	-0.91	5.9
55.45	-0.6	6.5
55.5	-0.26	6.8
55.55	0.08	6.8
55.6	0.42	6.5
55.65	0.73	6.2
55.7	1.03	5.7
55.75	1.31	4.9
55.8	1.52	3.9
55.85	1.7	3.1
55.9	1.83	2.1
55.95	1.9	0.8
56	1.92	-0.4
56.06	1.86	-1.8
56.1	1.74	-2.8
56.15	1.58	-3.8
56.2	1.36	-4.6
56.25	1.12	-5.4
56.3	0.83	-6.2
56.35	0.49	-6.4
56.4	0.17	-6.7
56.45	-0.17	-6.7
56.5	-0.5	-6.5
56.55	-0.82	-6.2
56.61	-1.12	-5.4
56.66	-1.37	-4.6
56.7	-1.58	-3.9
56.75	-1.75	-3
56.8	-1.87	-1.7
56.85	-1.93	-0.7
56.9	-1.94	0.4
56.95	-1.88	1.5
57	-1.78	2.7
57.05	-1.62	3.8
57.1	-1.4	4.5
57.15	-1.16	5.3
57.2	-0.87	6
57.25	-0.57	6.3
57.3	-0.24	6.6
57.36	0.1	6.7
57.41	0.44	6.5
57.45	0.74	6.2
57.5	1.04	5.7
57.55	1.31	4.8
57.6	1.52	3.9
57.65	1.7	3
57.7	1.82	1.7
57.75	1.87	0.7
57.8	1.88	-0.4
57.85	1.83	-1.7
57.9	1.71	-2.7
57.95	1.56	-3.7
58	1.34	-4.8
58.05	1.08	-5.5
58.1	0.79	-6
58.15	0.48	-6.5
58.21	0.13	-6.6
58.25	-0.17	-6.6
58.3	-0.52	-6.5
58.35	-0.83	-6
58.4	-1.12	-5.3
58.46	-1.37	-4.6
58.5	-1.58	-3.7
58.55	-1.74	-2.8
58.6	-1.86	-1.7
58.66	-1.92	-0.5
58.71	-1.92	0.6
58.75	-1.86	1.7
58.8	-1.74	2.7
58.85	-1.59	3.6
58.9	-1.38	4.6
58.95	-1.13	5.4
59	-0.84	5.9
59.06	-0.52	6.3
59.1	-0.22	6.5
59.16	0.13	6.5
59.2	0.44	6.4
59.25	0.75	6
59.3	1.04	5.5
59.35	1.31	4.9
59.4	1.52	3.8
59.45	1.69	2.7
59.5	1.8	1.7
59.55	1.86	0.7
59.6	1.86	-0.7
59.65	1.8	-1.6
59.7	1.7	-2.7
59.75	1.52	-3.9
59.8	1.31	-4.7
59.85	1.04	-5.4
59.9	0.76	-5.9
59.95	0.46	-6.3
60	0.13	-6.6
60.05	-0.21	-6.6
60.1	-0.52	-6.3
60.15	-0.84	-5.9
60.2	-1.12	-5.3
60.25	-1.36	-4.5
60.3	-1.57	-3.8
60.35	-1.74	-2.7
60.4	-1.84	-1.6
60.45	-1.89	-0.4
60.5	-1.88	0.7
60.55	-1.83	1.7
60.6	-1.72	2.6
60.65	-1.57	3.7
60.7	-1.35	4.7
60.75	-1.1	5.3
60.8	-0.82	5.8
60.85	-0.52	6.3
60.9	-0.18	6.5
60.95	0.13	6.5
61	0.46	6.4
61.05	0.77	5.9
61.1	1.04	5.3
61.15	1.31	4.7
61.2	1.51	3.7
61.25	1.68	2.7
61.3	1.78	1.6
61.35	1.84	0.5
61.4	1.84	-0.5
61.45	1.78	-1.9
61.5	1.65	-3
61.56	1.48	-3.8
61.6	1.27	-4.6
61.65	1.02	-5.3
61.7	0.74	-5.9
61.75	0.44	-6.5
61.8	0.1	-6.5
61.85	-0.22	-6.3
61.9	-0.53	-6.2
61.95	-0.84	-5.9
62	-1.12	-5.2
62.05	-1.36	-4.4
62.11	-1.57	-3.6
62.15	-1.72	-2.7
62.2	-1.83	-1.5
62.25	-1.87	-0.4
62.3	-1.87	0.6
62.35	-1.81	1.8
62.4	-1.7	2.8
62.45	-1.52	3.8
62.5	-1.32	4.5
62.55	-1.08	5.3
62.6	-0.79	5.9
62.65	-0.49	6.1
62.7	-0.17	6.4
62.75	0.15	6.5
62.8	0.48	6.3
62.85	0.78	5.8
62.9	1.06	5.2
62.95	1.31	4.6
63	1.51	3.6
63.05	1.66	2.6
63.1	1.77	1.6
63.15	1.83	0.5
63.2	1.83	-0.7
63.25	1.75	-1.9
63.3	1.63	-2.8
63.35	1.47	-3.9
63.4	1.25	-4.7
63.45	1	-5.4
63.5	0.71	-6
63.55	0.4	-6.2
63.6	0.09	-6.4
63.65	-0.24	-6.5
63.7	-0.57	-6.2
63.75	-0.86	-5.7
63.8	-1.13	-5
63.85	-1.36	-4.4
63.9	-1.57	-3.5
63.96	-1.71	-2.4
64	-1.81	-1.6
64.05	-1.86	-0.3
64.1	-1.84	0.8
64.15	-1.78	1.8
64.21	-1.65	2.9
64.25	-1.49	3.6
64.3	-1.29	4.5
64.35	-1.04	5.4
64.41	-0.75	5.8
64.45	-0.47	6.2
64.5	-0.14	6.4
64.55	0.17	6.2
64.6	0.48	6.1
64.65	0.78	5.9
64.7	1.07	5.2
64.75	1.31	4.4
64.8	1.51	3.5
64.85	1.65	2.5
64.9	1.75	1.5
64.95	1.81	0.4
65	1.8	-0.8
65.05	1.73	-1.9
65.1	1.61	-2.9
65.15	1.44	-3.9
65.21	1.22	-4.8
65.25	0.96	-5.4
65.3	0.69	-5.8
65.35	0.38	-6.3
65.4	0.05	-6.4
65.45	-0.26	-6.2
65.5	-0.57	-6
65.55	-0.87	-5.7
65.6	-1.13	-4.9
65.66	-1.36	-4.2
65.7	-1.56	-3.4
65.75	-1.7	-2.3
65.8	-1.78	-1.3
65.85	-1.83	-0.4
65.9	-1.83	0.7
65.95	-1.75	1.8
66	-1.64	2.7
66.05	-1.48	3.8
66.1	-1.26	4.7
66.15	-1.01	5.2
66.2	-0.74	5.8
66.25	-0.44	6.1
66.3	-0.13	6.3
66.36	0.21	6.4
66.4	0.51	5.9
66.45	0.79	5.7
66.5	1.08	5.1
66.55	1.31	4.3
66.61	1.51	3.5
66.65	1.65	2.3
66.7	1.74	1.3
66.75	1.78	0.3
66.81	1.77	-0.9
66.85	1.7	-2
66.9	1.58	-2.9
66.95	1.4	-3.9
67	1.19	-4.7
67.05	0.94	-5.3
67.1	0.65	-6
67.15	0.35	-6.1
67.2	0.04	-6.2
67.26	-0.28	-6.3
67.31	-0.6	-5.9
67.35	-0.87	-5.4
67.4	-1.13	-4.9
67.45	-1.36	-4.1
67.5	-1.55	-3.3
67.56	-1.7	-2.4
67.6	-1.78	-1.2
67.65	-1.82	-0.1
67.7	-1.8	0.9
67.75	-1.73	1.9
67.8	-1.61	3
67.85	-1.44	3.8
67.9	-1.23	4.5
67.95	-0.98	5.3
68	-0.7	5.8
68.05	-0.4	6
68.1	-0.1	6.2
68.15	0.22	6.1
68.21	0.52	5.9
68.25	0.81	5.7
68.3	1.08	4.9
68.35	1.31	4.2
68.41	1.5	3.4
68.45	1.64	2.3
68.5	1.73	1.3
68.56	1.77	0.1
68.61	1.74	-1
68.66	1.68	-1.9
68.7	1.56	-3
68.76	1.37	-3.9
68.8	1.16	-4.7
68.86	0.9	-5.5
68.91	0.61	-5.9
68.96	0.32	-6.1
69.01	0	-6.3
69.05	-0.3	-6.1
69.11	-0.61	-5.7
69.16	-0.88	-5.3
69.21	-1.14	-4.8
69.26	-1.37	-3.9
69.3	-1.53	-3.1
69.36	-1.68	-2.3
69.4	-1.76	-1.1
69.45	-1.78	-0.1
69.5	-1.77	0.9
69.55	-1.7	2
69.6	-1.58	2.9
69.66	-1.4	3.8
69.7	-1.2	4.6
69.76	-0.94	5.3
69.8	-0.67	5.7
69.85	-0.38	6
69.9	-0.08	6.2
69.95	0.24	6.1
70	0.53	5.9
70.05	0.83	5.6
70.1	1.09	4.8
70.15	1.31	4.1
70.2	1.49	3.2
70.25	1.62	2.3
70.31	1.72	1.1
70.35	1.74	0.1
70.41	1.73	-0.9
70.45	1.65	-2.1
70.5	1.52	-3
70.55	1.35	-3.9
70.6	1.13	-4.8
70.65	0.87	-5.4
70.71	0.59	-5.7
70.76	0.29	-6.1
70.81	-0.02	-6.2
70.86	-0.33	-5.9
70.9	-0.61	-5.8
70.96	-0.9	-5.3
71	-1.14	-4.6
71.05	-1.36	-3.9
71.1	-1.53	-3
71.15	-1.66	-2.1
71.2	-1.74	-1.1
71.25	-1.77	0
71.3	-1.74	1.1
71.36	-1.66	2
71.4	-1.55	2.8
71.45	-1.38	3.8
71.51	-1.16	4.6
71.56	-0.91	5.3
71.6	-0.64	5.7
71.66	-0.35	5.9
71.71	-0.04	6.1
71.76	0.26	6.1
71.81	0.57	5.8
71.86	0.84	5.2
71.91	1.09	4.7
71.95	1.31	4
72	1.48	3.1
72.06	1.62	2.1
72.1	1.7	1.1
72.15	1.73	0
72.2	1.7	-1.2
72.26	1.61	-2.1
72.3	1.49	-3.1
72.35	1.31	-4
72.41	1.09	-4.7
72.45	0.84	-5.3
72.51	0.57	-5.6
72.56	0.26	-6
72.61	-0.04	-6.2
72.66	-0.35	-6
72.71	-0.64	-5.7
72.76	-0.91	-5.2
72.81	-1.15	-4.5
72.86	-1.36	-3.7
72.91	-1.52	-2.9
72.96	-1.65	-2
73.01	-1.73	-0.9
73.05	-1.75	0
73.11	-1.73	1.1
73.16	-1.64	2.1
73.21	-1.52	3
73.26	-1.35	3.9
73.31	-1.13	4.7
73.36	-0.88	5.2
73.41	-0.61	5.6
73.46	-0.32	6
73.51	-0.01	5.9
73.55	0.27	5.9
73.61	0.58	5.8
73.66	0.86	5.2
73.71	1.1	4.5
73.76	1.31	3.8
73.8	1.48	3
73.86	1.61	2
73.91	1.69	0.9
73.95	1.7	-0.1
74.01	1.68	-1.1
74.06	1.59	-2.2
74.11	1.46	-3.2
74.16	1.27	-4
74.21	1.06	-4.7
74.26	0.81	-5.3
74.31	0.52	-5.8
74.36	0.23	-5.8
74.4	-0.05	-5.9
74.46	-0.37	-5.9
74.51	-0.65	-5.6
74.55	-0.91	-5.1
74.6	-1.15	-4.4
74.66	-1.36	-3.7
74.71	-1.52	-2.8
74.76	-1.64	-1.8
74.81	-1.71	-0.9
74.86	-1.73	0.1
74.91	-1.7	1.2
74.96	-1.61	2.2
75.01	-1.48	3
75.06	-1.31	3.9
75.11	-1.09	4.6
75.16	-0.85	5.1
75.21	-0.58	5.6
75.26	-0.28	5.8
75.3	0	6
75.35	0.3	5.9
75.41	0.6	5.6
75.46	0.87	5.1
75.5	1.1	4.4
75.56	1.31	3.8
75.61	1.48	2.9
75.66	1.6	1.8
75.71	1.66	0.9
75.76	1.69	-0.1
75.81	1.65	-1.2
75.86	1.57	-2.2
75.91	1.43	-3.3
75.95	1.25	-4
76	1.03	-4.7
76.05	0.78	-5.3
76.11	0.49	-5.6
76.16	0.21	-5.8
76.21	-0.09	-6
76.26	-0.39	-5.8
76.31	-0.67	-5.4
76.36	-0.94	-5
76.4	-1.16	-4.3
76.46	-1.36	-3.6
76.5	-1.52	-2.6
76.56	-1.62	-1.7
76.61	-1.7	-0.7
76.65	-1.7	0.3
76.71	-1.66	1.2
76.76	-1.58	2.2
76.81	-1.45	3
76.86	-1.27	3.9
76.91	-1.06	4.6
76.96	-0.82	5.1
77.01	-0.54	5.5
77.06	-0.26	5.8
77.1	0.03	6
77.16	0.34	5.7
77.21	0.61	5.4
77.26	0.88	5.1
77.31	1.12	4.3
77.36	1.31	3.6
77.41	1.48	2.8
77.46	1.59	1.7
77.51	1.65	0.8
77.55	1.66	-0.3
77.6	1.62	-1.3
77.65	1.53	-2.3
77.7	1.39	-3.1
77.76	1.22	-3.9
77.8	1	-4.8
77.86	0.74	-5.3
77.91	0.46	-5.7
77.96	0.17	-5.9
78	-0.12	-5.8
78.05	-0.4	-5.7
78.1	-0.69	-5.4
78.16	-0.95	-4.9
78.21	-1.18	-4.1
78.26	-1.36	-3.3
78.31	-1.51	-2.5
78.35	-1.61	-1.7
78.41	-1.68	-0.7
78.45	-1.69	0.3
78.51	-1.64	1.4
78.56	-1.55	2.3
78.6	-1.41	3.2
78.65	-1.23	3.9
78.7	-1.02	4.5
78.76	-0.77	5.2
78.81	-0.5	5.6
78.86	-0.22	5.7
78.9	0.07	5.7
78.95	0.35	5.6
79	0.63	5.4
79.05	0.89	4.9
79.1	1.12	4.2
79.16	1.32	3.5
79.21	1.48	2.5
79.25	1.57	1.5
79.3	1.63	0.8
79.35	1.64	-0.3
79.4	1.6	-1.4
79.45	1.5	-2.5
79.51	1.35	-3.3
79.55	1.18	-3.9
79.61	0.96	-4.7
79.66	0.7	-5.3
79.7	0.44	-5.5
79.76	0.14	-5.7
79.81	-0.14	-5.8
79.85	-0.44	-5.6
79.9	-0.7	-5.2
79.95	-0.96	-4.7
80.01	-1.18	-3.9
80.05	-1.35	-3.3
80.11	-1.5	-2.6
80.15	-1.61	-1.5
80.21	-1.65	-0.4
80.25	-1.65	0.4
80.3	-1.61	1.3
80.36	-1.52	2.3
80.41	-1.38	3.2
80.46	-1.2	4
80.51	-0.97	4.6
80.56	-0.74	5
80.6	-0.48	5.5
80.66	-0.18	5.7
80.71	0.1	5.8
80.76	0.39	5.6
80.81	0.65	5.2
80.86	0.91	4.7
80.91	1.13	4
80.95	1.31	3.3
81	1.46	2.6
81.06	1.57	1.5
81.1	1.61	0.4
81.16	1.61	-0.5
81.2	1.57	-1.4
81.26	1.47	-2.4
81.31	1.33	-3.4
81.36	1.13	-4.1
81.41	0.91	-4.7
81.46	0.66	-5.2
81.51	0.39	-5.4
81.56	0.12	-5.7
81.61	-0.17	-5.7
81.66	-0.45	-5.4
81.71	-0.73	-5.1
81.76	-0.96	-4.6
81.81	-1.18	-3.9
81.86	-1.35	-3.1
81.91	-1.49	-2.3
81.96	-1.58	-1.3
82.01	-1.62	-0.4
82.06	-1.62	0.5
82.11	-1.57	1.4
82.16	-1.48	2.3
82.21	-1.34	3.2
82.26	-1.16	3.9
82.31	-0.95	4.6
82.36	-0.7	5.1
82.41	-0.44	5.4
82.46	-0.16	5.7
82.51	0.13	5.7
82.56	0.4	5.4
82.61	0.67	5.1
82.66	0.91	4.6
82.71	1.13	3.9
82.76	1.31	3.2
82.81	1.45	2.4
82.86	1.55	1.4
82.91	1.59	0.3
82.96	1.58	-0.6
83	1.53	-1.4
83.06	1.44	-2.4
83.1	1.29	-3.4
83.16	1.1	-4.2
83.21	0.87	-4.7
83.26	0.62	-5.2
83.31	0.36	-5.3
83.36	0.09	-5.5
83.41	-0.2	-5.7
83.46	-0.48	-5.3
83.51	-0.73	-4.9
83.56	-0.97	-4.4
83.61	-1.18	-3.8
83.66	-1.35	-3.1
83.71	-1.48	-2.2
83.76	-1.57	-1.2
83.8	-1.6	-0.2
83.86	-1.59	0.7
83.91	-1.53	1.5
83.96	-1.44	2.4
84.01	-1.29	3.2
84.05	-1.12	4
84.11	-0.89	4.6
84.16	-0.65	4.9
84.21	-0.39	5.3
84.26	-0.12	5.6
84.3	0.15	5.5
84.35	0.42	5.3
84.41	0.7	4.9
84.46	0.92	4.4
84.51	1.13	3.8
84.56	1.31	3
84.61	1.44	2.2
84.66	1.52	1.3
84.7	1.57	0.4
84.76	1.56	-0.8
84.81	1.49	-1.6
84.86	1.39	-2.5
84.91	1.24	-3.5
84.96	1.04	-4.1
85.01	0.83	-4.7
85.06	0.58	-5.2
85.11	0.32	-5.3
85.16	0.04	-5.4
85.21	-0.23	-5.3
85.26	-0.49	-5.2
85.31	-0.74	-4.9
85.36	-0.98	-4.3
85.41	-1.18	-3.7
85.46	-1.35	-3
85.51	-1.47	-1.8
85.56	-1.53	-1
85.61	-1.57	-0.3
85.66	-1.57	0.8
85.7	-1.49	1.7
85.76	-1.39	2.5
85.81	-1.24	3.4
85.86	-1.06	4
85.91	-0.85	4.5
85.96	-0.61	5
86.01	-0.35	5.3
86.06	-0.08	5.4
86.11	0.2	5.4
86.16	0.46	5.2
86.21	0.71	4.9
86.26	0.95	4.2
86.31	1.13	3.6
86.36	1.31	2.9
86.41	1.43	2.1
86.46	1.51	1.1
86.51	1.53	0.1
86.56	1.52	-0.8
86.61	1.45	-1.7
86.66	1.35	-2.6
86.71	1.19	-3.5
86.76	1	-4
86.81	0.78	-4.7
86.86	0.53	-5.1
86.91	0.28	-5.2
86.96	0.01	-5.4
87.01	-0.26	-5.3
87.06	-0.52	-5.2
87.11	-0.77	-4.8
87.16	-1	-4
87.21	-1.18	-3.4
87.26	-1.34	-2.7
87.31	-1.45	-1.9
87.36	-1.52	-1
87.41	-1.55	0
87.45	-1.52	0.9
87.51	-1.46	1.7
87.56	-1.35	2.6
87.61	-1.2	3.4
87.65	-1.01	4
87.71	-0.79	4.5
87.75	-0.57	4.9
87.81	-0.3	5.1
87.86	-0.04	5.2
87.91	0.22	5.3
87.96	0.49	5.2
88.01	0.74	4.7
88.05	0.95	4
88.11	1.14	3.5
88.16	1.31	2.7
88.21	1.41	1.7
88.26	1.48	1
88.31	1.51	0
88.36	1.48	-1
88.41	1.41	-1.7
88.46	1.31	-2.7
88.51	1.14	-3.5
88.56	0.96	-4.1
88.6	0.74	-4.6
88.66	0.5	-4.9
88.71	0.24	-5.3
88.76	-0.03	-5.3
88.81	-0.29	-5.1
88.86	-0.54	-4.9
88.91	-0.78	-4.6
88.96	-1	-3.9
89.01	-1.18	-3.3
89.06	-1.33	-2.6
89.11	-1.44	-1.6
89.16	-1.49	-0.8
89.21	-1.51	0.1
89.26	-1.48	1
89.31	-1.41	1.7
89.36	-1.31	2.7
89.41	-1.14	3.5
89.46	-0.96	3.9
89.51	-0.74	4.4
89.56	-0.52	4.9
89.61	-0.26	5.3
89.66	0	5.2
89.71	0.26	5.1
89.76	0.51	4.8
89.81	0.74	4.5
89.86	0.96	4
89.91	1.14	3.4
89.96	1.29	2.5
90.01	1.39	1.6
90.06	1.46	0.9
90.11	1.48	-0.1
90.16	1.45	-1
90.21	1.38	-1.8
90.26	1.26	-2.8
90.31	1.1	-3.5
90.36	0.9	-4.1
90.41	0.7	-4.6
90.46	0.45	-5
90.51	0.2	-5.1
90.56	-0.07	-5.1
90.61	-0.32	-5
90.66	-0.57	-4.8
90.71	-0.79	-4.4
90.76	-1	-3.8
90.81	-1.18	-3.1
90.86	-1.32	-2.4
90.91	-1.41	-1.5
90.96	-1.47	-0.7
91.01	-1.48	0.2
91.06	-1.45	1.1
91.11	-1.37	1.9
91.16	-1.26	2.7
91.21	-1.1	3.4
91.26	-0.91	4
91.31	-0.71	4.5
91.36	-0.47	4.9
91.41	-0.22	5.1
91.46	0.04	5.1
91.51	0.29	4.9
91.56	0.53	4.8
91.61	0.77	4.3
91.66	0.97	3.6
91.71	1.13	3.2
91.76	1.28	2.5
91.81	1.38	1.5
91.86	1.44	0.7
91.91	1.45	-0.2
91.96	1.41	-1.1
92.01	1.34	-1.9
92.06	1.22	-2.8
92.11	1.06	-3.5
92.16	0.87	-4.1
92.21	0.64	-4.6
92.26	0.4	-4.9
92.31	0.16	-5
92.36	-0.1	-5.1
92.41	-0.35	-4.9
92.46	-0.59	-4.7
92.51	-0.82	-4.2
92.56	-1.01	-3.6
92.61	-1.18	-3
92.66	-1.31	-2.1
92.71	-1.39	-1.4
92.76	-1.45	-0.6
92.81	-1.45	0.3
92.86	-1.41	1.1
92.91	-1.34	2
92.96	-1.22	2.8
93.01	-1.06	3.5
93.06	-0.87	4
93.11	-0.66	4.4
93.16	-0.44	4.8
93.21	-0.17	5
93.26	0.07	5
93.31	0.34	4.9
93.36	0.55	4.6
93.41	0.78	4.2
93.46	0.98	3.6
93.51	1.14	2.9
93.56	1.27	2.2
93.61	1.36	1.4
93.66	1.41	0.7
93.71	1.43	-0.4
93.76	1.38	-1.3
93.81	1.29	-2
93.86	1.18	-2.9
93.91	1.01	-3.5
93.96	0.83	-4
94.01	0.6	-4.6
94.06	0.37	-4.9
94.11	0.12	-5
94.16	-0.13	-4.9
94.21	-0.37	-4.8
94.26	-0.61	-4.5
94.31	-0.83	-4
94.36	-1.01	-3.5
94.41	-1.18	-2.9
94.46	-1.31	-2.1
94.51	-1.38	-1.2
94.56	-1.43	-0.4
94.61	-1.41	0.4
94.66	-1.38	1.2
94.71	-1.29	2.1
94.76	-1.18	2.8
94.81	-1.01	3.5
94.86	-0.83	4
94.91	-0.61	4.3
94.96	-0.39	4.7
95.01	-0.14	4.9
95.06	0.1	4.9
95.11	0.35	4.8
95.16	0.58	4.3
95.21	0.78	4.1
95.26	0.98	3.5
95.31	1.13	2.8
95.36	1.26	2.1
95.41	1.35	1.3
95.46	1.39	0.4
95.51	1.39	-0.4
95.56	1.35	-1.3
95.61	1.26	-2.2
95.66	1.13	-3
95.71	0.96	-3.6
95.76	0.77	-4
95.81	0.57	-4.5
95.86	0.33	-4.8
95.91	0.09	-4.9
95.96	-0.16	-4.9
96.01	-0.4	-4.7
96.06	-0.63	-4.2
96.11	-0.83	-3.9
96.16	-1.02	-3.5
96.21	-1.18	-2.7
96.26	-1.28	-1.8
96.31	-1.36	-1.1
96.36	-1.39	-0.3
96.41	-1.39	0.5
96.46	-1.34	1.4
96.51	-1.25	2.1
96.56	-1.13	2.8
96.61	-0.97	3.4
96.66	-0.78	4.1
96.71	-0.57	4.4
96.76	-0.35	4.6
96.81	-0.11	4.8
96.86	0.13	4.8
96.91	0.38	4.7
96.96	0.61	4.2
97.01	0.81	3.9
97.06	0.99	3.3
97.11	1.13	2.6
97.16	1.25	2
97.21	1.33	1.1
97.26	1.36	0.2
97.31	1.35	-0.5
97.36	1.31	-1.3
97.41	1.22	-2.2
97.46	1.09	-3
97.51	0.91	-3.5
97.56	0.74	-3.9
97.61	0.52	-4.5
97.66	0.29	-4.8
97.71	0.04	-4.8
97.76	-0.18	-4.7
97.81	-0.42	-4.7
97.86	-0.65	-4.2
97.91	-0.85	-3.6
97.96	-1.01	-3.2
98.01	-1.16	-2.5
98.06	-1.26	-1.7
98.11	-1.34	-1
98.16	-1.36	-0.1
98.21	-1.35	0.5
98.26	-1.31	1.4
98.31	-1.21	2.2
98.36	-1.09	2.9
98.41	-0.91	3.5
98.46	-0.74	3.9
98.51	-0.52	4.3
98.56	-0.3	4.5
98.61	-0.07	4.8
98.66	0.17	4.6
98.71	0.4	4.3
98.76	0.61	4.2
98.81	0.82	3.8
98.86	0.99	3.2
98.91	1.13	2.5
98.96	1.24	1.7
99.01	1.31	1
99.06	1.34	0.1
99.11	1.32	-0.7
99.16	1.26	-1.4
99.21	1.18	-2.2
99.26	1.04	-3
99.31	0.87	-3.6
99.36	0.69	-4
99.41	0.47	-4.3
99.46	0.25	-4.6
99.51	0.01	-4.7
99.56	-0.22	-4.6
99.61	-0.45	-4.4
99.66	-0.65	-4.1
99.71	-0.86	-3.7
99.76	-1.02	-2.9
99.81	-1.15	-2.3
99.86	-1.25	-1.5
99.91	-1.31	-0.9
99.96	-1.34	0
100.01	-1.31	0.8
100.06	-1.26	1.4
100.11	-1.16	2.3
100.16	-1.03	2.9
100.21	-0.87	3.5
100.26	-0.69	3.9
100.31	-0.48	4.2
100.36	-0.26	4.5
100.41	-0.03	4.7
100.46	0.21	4.6
100.51	0.42	4.3
100.56	0.64	4
100.61	0.83	3.5
100.66	0.99	3
100.71	1.13	2.3
100.76	1.22	1.5
100.81	1.28	0.9
100.86	1.31	0
100.91	1.28	-0.9
100.96	1.22	-1.6
101.01	1.12	-2.3
101.06	0.99	-2.9
101.11	0.83	-3.5
101.16	0.63	-4.1
101.21	0.42	-4.3
101.26	0.21	-4.5
101.31	-0.02	-4.7
101.36	-0.26	-4.5
101.41	-0.48	-4.2
101.46	-0.69	-3.9
101.51	-0.87	-3.3
101.56	-1.01	-2.8
101.61	-1.14	-2.2
101.66	-1.23	-1.4
101.71	-1.28	-0.7
101.76	-1.31	0.1
101.81	-1.27	1
101.86	-1.21	1.6
101.91	-1.11	2.3
101.96	-0.97	2.9
102.01	-0.82	3.4
102.06	-0.63	3.9
102.11	-0.44	4.2
102.16	-0.22	4.4
102.21	0	4.5
102.26	0.24	4.5
102.31	0.46	4.1
102.36	0.65	3.7
102.41	0.83	3.5
102.46	1	2.9
102.51	1.12	2.1
102.56	1.21	1.4
102.61	1.26	0.5
102.66	1.26	-0.1
102.71	1.25	-0.9
102.76	1.18	-1.7
102.81	1.08	-2.4
102.86	0.94	-3
102.91	0.77	-3.6
102.96	0.58	-4
103.01	0.38	-4.2
103.06	0.16	-4.4
103.11	-0.07	-4.5
103.16	-0.28	-4.3
103.21	-0.5	-4.1
103.26	-0.7	-3.7
103.31	-0.87	-3.2
103.36	-1.02	-2.6
103.41	-1.13	-2
103.46	-1.22	-1.3
103.51	-1.26	-0.5
103.56	-1.26	0.3
103.61	-1.23	0.9
103.66	-1.18	1.7
103.71	-1.07	2.4
103.76	-0.94	2.9
103.81	-0.77	3.5
103.86	-0.59	3.8
103.91	-0.39	4.1
103.96	-0.17	4.3
104.01	0.04	4.3
104.06	0.26	4.4
104.11	0.48	4.1
104.16	0.66	3.7
104.21	0.85	3.2
104.26	0.99	2.6
104.31	1.11	1.9
104.36	1.19	1.2
104.41	1.23	0.6
104.46	1.24	-0.2
104.51	1.21	-1.1
104.56	1.13	-1.7
104.61	1.03	-2.4
104.66	0.89	-3
104.71	0.73	-3.6
104.76	0.53	-3.9
104.81	0.34	-4.2
104.86	0.12	-4.4
104.91	-0.1	-4.3
104.96	-0.3	-4.2
105.01	-0.52	-3.9
105.06	-0.7	-3.5
105.11	-0.87	-3.1
105.16	-1.01	-2.5
105.21	-1.12	-1.8
105.26	-1.19	-1.1
105.31	-1.23	-0.4
105.36	-1.23	0.4
105.41	-1.19	1.1
105.46	-1.12	1.7
105.51	-1.01	2.5
105.56	-0.87	3
105.61	-0.72	3.4
105.66	-0.53	3.8
105.71	-0.34	4
105.76	-0.13	4.2
105.81	0.09	4.3
105.86	0.3	4.1
105.91	0.5	3.8
105.96	0.69	3.5
106.01	0.85	3
106.06	0.99	2.4
106.11	1.09	1.9
106.16	1.18	1.2
106.21	1.21	0.3
106.26	1.21	-0.3
106.31	1.18	-1.2
106.36	1.09	-1.9
106.41	0.98	-2.5
106.46	0.84	-3
106.51	0.67	-3.5
106.56	0.49	-3.8
106.61	0.29	-4
106.66	0.09	-4.2
106.71	-0.13	-4.3
106.76	-0.35	-4
106.81	-0.53	-3.7
106.86	-0.72	-3.4
106.91	-0.87	-2.9
106.96	-1	-2.3
107.01	-1.1	-1.7
107.06	-1.18	-0.9
107.11	-1.2	-0.1
107.16	-1.19	0.5
107.21	-1.14	1.2
107.26	-1.07	1.9
107.31	-0.96	2.4
107.36	-0.83	2.9
107.41	-0.66	3.5
107.46	-0.48	3.7
107.51	-0.29	3.9
107.56	-0.09	4.2
107.61	0.13	4.1
107.66	0.33	4
107.71	0.52	3.7
107.76	0.7	3.4
107.81	0.86	3
107.86	0.99	2.2
107.91	1.09	1.5
107.96	1.14	0.9
108.01	1.18	0.3
108.06	1.18	-0.4
108.11	1.13	-1.3
108.16	1.04	-2
108.21	0.92	-2.6
108.26	0.78	-3.1
108.31	0.62	-3.5
108.36	0.44	-3.7
108.41	0.25	-4
108.46	0.04	-4.2
108.51	-0.17	-4.1
108.56	-0.37	-3.9
108.61	-0.55	-3.6
108.66	-0.73	-3.1
108.71	-0.87	-2.7
108.76	-1	-2.2
108.81	-1.09	-1.4
108.86	-1.14	-0.8
108.91	-1.16	0
108.96	-1.14	0.6
109.01	-1.1	1.3
109.06	-1.01	1.9
109.11	-0.91	2.4
109.16	-0.77	3.1
109.21	-0.61	3.4
109.26	-0.44	3.7
109.31	-0.23	3.9
109.36	-0.04	4
109.41	0.17	3.9
109.46	0.35	3.7
109.51	0.53	3.5
109.56	0.71	3.2
109.61	0.86	2.6
109.66	0.97	2.1
109.71	1.07	1.5
109.76	1.12	0.6
109.81	1.13	0.1
109.86	1.13	-0.5
109.91	1.08	-1.3
109.96	1	-2.1
110.01	0.87	-2.6
110.06	0.74	-3.1
110.11	0.57	-3.5
110.16	0.39	-3.8
110.21	0.18	-3.9
110.26	0	-4
110.31	-0.21	-3.9
110.36	-0.39	-3.7
110.41	-0.58	-3.5
110.46	-0.74	-3
110.51	-0.87	-2.5
110.56	-0.99	-2
110.61	-1.08	-1.3
110.66	-1.12	-0.6
110.71	-1.13	0
110.76	-1.12	0.7
110.81	-1.06	1.4
110.86	-0.98	1.8
110.91	-0.87	2.4
110.96	-0.74	3.1
111.01	-0.57	3.5
111.06	-0.39	3.6
111.11	-0.21	3.8
111.16	0	3.9
111.21	0.18	3.9
111.26	0.38	3.8
111.31	0.57	3.4
111.36	0.73	2.9
111.41	0.86	2.4
111.46	0.97	1.8
111.51	1.04	1.3
111.56	1.1	0.7
111.61	1.11	-0.1
111.66	1.09	-0.7
111.71	1.04	-1.3
111.76	0.96	-2.1
111.81	0.83	-2.6
111.86	0.7	-3.1
111.91	0.52	-3.5
111.96	0.35	-3.7
112.01	0.15	-3.9
112.06	-0.04	-3.8
112.11	-0.23	-3.7
112.16	-0.41	-3.6
112.21	-0.59	-3.2
112.26	-0.74	-2.8
112.31	-0.87	-2.3
112.36	-0.97	-1.8
112.41	-1.04	-1.2
112.46	-1.09	-0.5
112.51	-1.1	0.1
112.56	-1.08	0.9
112.61	-1.01	1.5
112.66	-0.92	2
112.71	-0.82	2.5
112.76	-0.67	2.9
112.81	-0.52	3.3
112.86	-0.35	3.7
112.91	-0.15	3.9
112.96	0.04	3.7
113.01	0.22	3.7
113.06	0.41	3.5
113.11	0.57	3.2
113.16	0.73	2.9
113.21	0.86	2.3
113.26	0.96	1.7
113.31	1.03	1.2
113.36	1.08	0.4
113.41	1.08	-0.3
113.46	1.04	-0.9
113.51	0.99	-1.5
113.56	0.9	-2.1
113.61	0.78	-2.6
113.66	0.64	-3.1
113.71	0.48	-3.4
113.76	0.3	-3.6
113.81	0.12	-3.8
113.86	-0.08	-3.8
113.91	-0.26	-3.6
113.96	-0.44	-3.5
114.01	-0.61	-3
114.06	-0.74	-2.6
114.11	-0.87	-2.2
114.16	-0.96	-1.6
114.21	-1.02	-1
114.26	-1.06	-0.3
114.31	-1.06	0.2
114.36	-1.03	0.9
114.41	-0.97	1.6
114.46	-0.87	2.1
114.51	-0.76	2.5
114.56	-0.62	2.9
114.61	-0.47	3.3
114.66	-0.29	3.5
114.71	-0.12	3.7
114.76	0.08	3.8
114.81	0.26	3.5
114.86	0.44	3.3
114.91	0.59	3.1
114.96	0.74	2.6
115.01	0.85	2.1
115.06	0.95	1.5
115.11	1	1
115.16	1.04	0.4
115.21	1.04	-0.4
115.26	1	-1
115.31	0.95	-1.5
115.36	0.85	-2.1
115.41	0.74	-2.6
115.46	0.59	-3
115.51	0.44	-3.2
115.56	0.26	-3.6
115.61	0.08	-3.7
115.66	-0.11	-3.7
115.71	-0.29	-3.5
115.76	-0.46	-3.2
115.81	-0.61	-2.8
115.86	-0.74	-2.6
115.91	-0.87	-2.1
115.96	-0.95	-1.3
116.01	-1	-0.8
116.06	-1.02	-0.2
116.11	-1.02	0.3
116.16	-0.99	1.1
116.21	-0.91	1.6
116.26	-0.83	2.1
116.31	-0.71	2.6
116.36	-0.57	2.9
116.41	-0.41	3.3
116.46	-0.24	3.4
116.51	-0.08	3.5
116.56	0.11	3.6
116.61	0.28	3.4
116.66	0.45	3.1
116.71	0.6	2.9
116.76	0.74	2.4
116.81	0.84	1.9
116.86	0.92	1.5
116.91	0.99	0.8
116.96	1	0.1
117.01	1	-0.5
117.06	0.96	-1
117.11	0.9	-1.6
117.16	0.79	-2.2
117.21	0.67	-2.6
117.26	0.53	-3
117.31	0.38	-3.2
117.36	0.22	-3.4
117.41	0.04	-3.5
117.46	-0.14	-3.5
117.51	-0.3	-3.4
117.56	-0.48	-3.2
117.61	-0.62	-2.6
117.66	-0.74	-2.3
117.71	-0.85	-1.9
117.76	-0.92	-1.2
117.81	-0.97	-0.7
117.86	-0.99	-0.1
117.91	-0.98	0.6
117.96	-0.94	1.1
118.01	-0.87	1.6
118.06	-0.77	2.2
118.11	-0.65	2.5
118.16	-0.52	2.9
118.21	-0.36	3.3
118.26	-0.2	3.3
118.31	-0.03	3.4
118.36	0.14	3.4
118.41	0.32	3.3
118.46	0.48	3
118.51	0.61	2.6
118.56	0.74	2.2
118.61	0.83	1.7
118.66	0.91	1.3
118.71	0.96	0.6
118.76	0.97	0
118.81	0.96	-0.6
118.86	0.91	-1.2
118.91	0.84	-1.7
118.96	0.74	-2.2
119.01	0.62	-2.6
119.06	0.48	-2.9
119.11	0.34	-3.1
119.16	0.17	-3.3
119.21	0	-3.5
119.26	-0.17	-3.4
119.31	-0.34	-3.2
119.36	-0.49	-2.9
119.41	-0.63	-2.5
119.46	-0.74	-2.1
119.51	-0.84	-1.6
119.56	-0.9	-1.1
119.61	-0.95	-0.5
119.66	-0.96	0.1
119.71	-0.94	0.8
119.76	-0.88	1.2
119.81	-0.82	1.7
119.86	-0.72	2.1
119.91	-0.61	2.5
119.96	-0.47	3
120.01	-0.3	3.2
120.06	-0.15	3.2
120.11	0.01	3.3
120.16	0.17	3.3
120.21	0.34	3.1
120.26	0.48	2.7
120.31	0.61	2.6
120.36	0.74	2.2
120.41	0.83	1.5
120.46	0.89	1
120.51	0.92	0.5
120.56	0.95	-0.1
120.61	0.91	-0.8
120.66	0.87	-1.2
120.71	0.79	-1.8
120.76	0.7	-2.3
120.81	0.57	-2.6
120.86	0.44	-2.8
120.91	0.28	-3.1
120.96	0.12	-3.3
121.01	-0.04	-3.3
121.06	-0.21	-3.2
121.11	-0.36	-3
121.16	-0.51	-2.7
121.21	-0.63	-2.3
121.26	-0.74	-2
121.31	-0.83	-1.4
121.36	-0.88	-0.9
121.41	-0.91	-0.3
121.46	-0.91	0.2
121.51	-0.89	0.8
121.56	-0.84	1.2
121.61	-0.77	1.8
121.66	-0.66	2.2
121.71	-0.55	2.5
121.76	-0.41	2.9
121.81	-0.26	3
121.86	-0.11	3
121.91	0.04	3.3
121.96	0.22	3.1
122.01	0.36	2.9
122.06	0.5	2.6
122.11	0.62	2.4
122.16	0.74	2
122.21	0.82	1.4
122.26	0.87	0.9
122.31	0.9	0.3
122.36	0.9	-0.3
122.41	0.87	-0.8
122.46	0.83	-1.3
122.51	0.74	-1.7
122.56	0.65	-2.1
122.61	0.52	-2.6
122.66	0.39	-2.9
122.71	0.24	-3
122.76	0.09	-3.1
122.81	-0.08	-3.1
122.86	-0.23	-3
122.91	-0.38	-2.9
122.96	-0.52	-2.6
123.01	-0.64	-2.2
123.06	-0.74	-1.7
123.11	-0.82	-1.3
123.16	-0.87	-0.6
123.21	-0.88	-0.1
123.26	-0.88	0.2
123.31	-0.86	0.9
123.36	-0.79	1.4
123.41	-0.72	1.8
123.46	-0.61	2.2
123.51	-0.5	2.5
123.56	-0.36	2.8
123.61	-0.22	2.8
123.66	-0.08	3
123.71	0.09	3
123.76	0.23	3
123.81	0.39	2.8
123.86	0.51	2.3
123.91	0.62	2.2
123.96	0.73	1.7
124.01	0.79	1.2
124.06	0.85	0.8
124.11	0.87	0.2
124.16	0.87	-0.3
124.21	0.84	-0.9
124.26	0.78	-1.4
124.31	0.7	-1.8
124.36	0.6	-2.1
124.41	0.48	-2.5
124.46	0.35	-2.9
124.51	0.18	-3.1
124.56	0.04	-3
124.61	-0.11	-3
124.66	-0.26	-2.8
124.71	-0.39	-2.6
124.76	-0.52	-2.5
124.81	-0.64	-2
124.86	-0.73	-1.5
124.91	-0.79	-1.1
124.96	-0.84	-0.7
125.01	-0.86	0
125.06	-0.84	0.4
125.11	-0.82	0.9
125.16	-0.75	1.6
125.21	-0.66	1.9
125.26	-0.57	2.1
125.31	-0.46	2.5
125.36	-0.32	2.8
125.41	-0.17	2.9
125.46	-0.03	2.9
125.51	0.12	2.9
125.56	0.26	2.7
125.61	0.39	2.6
125.66	0.52	2.4
125.71	0.63	1.9
125.76	0.72	1.5
125.81	0.78	1.1
125.86	0.83	0.5
125.91	0.84	0
125.96	0.83	-0.4
126.01	0.79	-0.9
126.06	0.74	-1.4
126.11	0.65	-1.9
126.16	0.54	-2.2
126.21	0.44	-2.4
126.26	0.3	-2.8
126.31	0.15	-3
126.36	0	-2.9
126.41	-0.14	-2.7
126.46	-0.27	-2.7
126.51	-0.41	-2.6
126.56	-0.53	-2.3
126.61	-0.64	-1.9
126.66	-0.72	-1.4
126.71	-0.78	-1
126.76	-0.82	-0.4
126.81	-0.83	0.1
126.86	-0.81	0.5
126.91	-0.77	1
126.96	-0.71	1.5
127.01	-0.62	1.9
127.06	-0.52	2.2
127.11	-0.4	2.5
127.16	-0.27	2.7
127.21	-0.13	2.7
127.26	0	2.7
127.31	0.14	2.8
127.36	0.28	2.7
127.41	0.41	2.4
127.46	0.52	2.2
127.51	0.63	1.8
127.56	0.71	1.4
127.61	0.77	0.9
127.66	0.79	0.4
127.71	0.82	0
127.76	0.79	-0.7
127.81	0.75	-1
127.86	0.7	-1.4
127.91	0.61	-2
127.96	0.5	-2.3
128.01	0.38	-2.4
128.06	0.26	-2.7
128.11	0.12	-2.8
128.16	-0.02	-2.9
128.21	-0.17	-2.8
128.26	-0.3	-2.6
128.31	-0.44	-2.2
128.36	-0.53	-2
128.41	-0.63	-1.7
128.46	-0.71	-1.2
128.51	-0.75	-0.8
128.56	-0.78	-0.3
128.61	-0.78	0.1
128.66	-0.77	0.6
128.71	-0.73	1.1
128.76	-0.66	1.5
128.81	-0.58	1.8
128.86	-0.48	2.2
128.91	-0.36	2.4
128.96	-0.24	2.6
129.01	-0.1	2.7
129.06	0.03	2.7
129.11	0.17	2.7
129.16	0.3	2.5
129.21	0.42	2.2
129.26	0.52	2
129.31	0.62	1.7
129.36	0.7	1.2
129.41	0.74	0.8
129.46	0.77	0.4
129.51	0.78	-0.2
129.56	0.75	-0.8
129.61	0.71	-1
129.66	0.65	-1.4
129.71	0.57	-2
129.76	0.46	-2.2
129.81	0.35	-2.4
129.86	0.22	-2.7
129.91	0.08	-2.7
129.96	-0.05	-2.7
130.01	-0.18	-2.6
130.06	-0.32	-2.5
130.11	-0.44	-2.2
130.16	-0.53	-1.8
130.21	-0.62	-1.6
130.26	-0.7	-1.2
130.31	-0.74	-0.5
130.36	-0.75	-0.1
130.41	-0.75	0.1
130.46	-0.74	0.7
130.51	-0.69	1.3
130.56	-0.61	1.5
130.61	-0.53	1.7
130.66	-0.44	2.2
130.71	-0.32	2.4
130.76	-0.2	2.6
130.81	-0.07	2.7
130.86	0.08	2.7
130.91	0.21	2.5
130.96	0.33	2.3
131.01	0.44	2.1
131.06	0.53	1.8
131.11	0.62	1.5
131.16	0.69	1.1
131.21	0.73	0.5
131.26	0.74	0.1
131.31	0.74	-0.2
131.36	0.72	-0.8
131.41	0.66	-1.1
131.46	0.61	-1.4
131.51	0.52	-1.9
131.56	0.41	-2.2
131.61	0.3	-2.4
131.66	0.17	-2.6
131.71	0.04	-2.6
131.76	-0.09	-2.6
131.81	-0.22	-2.5
131.86	-0.34	-2.2
131.91	-0.44	-1.9
131.96	-0.53	-1.8
132.01	-0.61	-1.4
132.06	-0.67	-1
132.11	-0.71	-0.5
132.16	-0.73	-0.1
132.21	-0.72	0.3
132.26	-0.7	0.7
132.31	-0.64	1.3
132.36	-0.57	1.6
132.41	-0.48	1.7
132.46	-0.39	2
132.51	-0.27	2.4
132.56	-0.15	2.4
132.61	-0.03	2.5
132.66	0.1	2.5
132.71	0.22	2.4
132.76	0.34	2.2
132.81	0.44	2
132.86	0.53	1.7
132.91	0.61	1.3
132.96	0.66	0.9
133.01	0.7	0.5
133.06	0.72	0.1
133.11	0.71	-0.3
133.16	0.69	-0.8
133.21	0.63	-1.2
133.26	0.57	-1.5
133.31	0.48	-1.9
133.36	0.37	-2.1
133.41	0.26	-2.4
133.46	0.13	-2.5
133.51	0.01	-2.5
133.56	-0.12	-2.4
133.61	-0.23	-2.3
133.66	-0.35	-2.2
133.71	-0.45	-1.8
133.76	-0.53	-1.6
133.81	-0.61	-1.2
133.86	-0.65	-0.9
133.91	-0.7	-0.4
133.96	-0.7	0.1
134.01	-0.69	0.4
134.06	-0.65	0.9
134.11	-0.6	1.3
134.16	-0.52	1.6
134.21	-0.44	1.7
134.26	-0.35	2
134.31	-0.23	2.3
134.36	-0.12	2.3
134.41	0	2.5
134.46	0.13	2.5
134.51	0.25	2.2
134.56	0.35	1.9
134.61	0.45	1.9
134.66	0.53	1.6
134.71	0.61	1.2
134.76	0.65	0.8
134.81	0.69	0.4
134.86	0.7	-0.1
134.91	0.67	-0.6
134.96	0.64	-0.9
135.01	0.59	-1.2
135.06	0.52	-1.5
135.11	0.44	-1.9
135.16	0.33	-2.2
135.21	0.22	-2.3
135.26	0.1	-2.4
135.31	-0.02	-2.4
135.36	-0.14	-2.4
135.41	-0.26	-2.2
135.46	-0.36	-2
135.51	-0.46	-1.7
135.56	-0.53	-1.4
135.61	-0.6	-1.1
135.66	-0.64	-0.7
135.71	-0.66	-0.2
135.76	-0.66	0.1
135.81	-0.65	0.5
135.86	-0.61	0.9
135.91	-0.57	1.3
135.96	-0.48	1.7
136.01	-0.39	1.7
136.06	-0.3	2.1
136.11	-0.18	2.3
136.16	-0.08	2.3
136.21	0.04	2.3
136.26	0.15	2.2
136.31	0.26	2.1
136.36	0.36	1.9
136.41	0.46	1.6
136.46	0.52	1.4
136.51	0.6	1.1
136.56	0.63	0.6
136.61	0.65	0.2
136.66	0.65	-0.1
136.71	0.64	-0.5
136.76	0.6	-1
136.81	0.54	-1.2
136.86	0.48	-1.5
136.91	0.39	-1.9
136.96	0.28	-2.1
137.01	0.17	-2.2
137.06	0.07	-2.2
137.11	-0.04	-2.4
137.16	-0.17	-2.3
137.21	-0.27	-2
137.26	-0.37	-1.8
137.31	-0.46	-1.5
137.36	-0.52	-1.2
137.41	-0.58	-1
137.46	-0.62	-0.6
137.51	-0.64	-0.1
137.56	-0.63	0.3
137.61	-0.61	0.7
137.66	-0.57	0.9
137.71	-0.52	1.3
137.76	-0.44	1.7
137.81	-0.35	1.7
137.86	-0.26	1.9
137.91	-0.16	2.2
137.96	-0.04	2.3
138.01	0.07	2.1
138.06	0.17	2.1
138.11	0.27	2
138.16	0.37	1.8
138.21	0.46	1.5
138.26	0.52	1.2
138.31	0.58	0.9
138.36	0.61	0.5
138.41	0.63	0.1
138.46	0.62	-0.2
138.51	0.61	-0.5
138.56	0.57	-1.1
138.61	0.5	-1.3
138.66	0.44	-1.5
138.71	0.35	-1.8
138.76	0.25	-2.1
138.81	0.14	-2.2
138.86	0.03	-2.2
138.91	-0.08	-2.2
138.96	-0.18	-2.1
139.01	-0.28	-2
139.06	-0.38	-1.7
139.11	-0.46	-1.4
139.16	-0.52	-1.1
139.21	-0.57	-0.8
139.26	-0.6	-0.4
139.31	-0.61	-0.1
139.36	-0.61	0.3
139.41	-0.58	0.8
139.46	-0.53	1
139.51	-0.48	1.3
139.56	-0.4	1.6
139.61	-0.32	1.8
139.66	-0.22	1.9
139.71	-0.13	2.1
139.76	-0.01	2.2
139.81	0.09	2
139.86	0.2	2.1
139.91	0.29	1.8
139.96	0.38	1.6
140.01	0.46	1.4
140.06	0.52	1.1
140.11	0.57	0.8
140.16	0.6	0.4
140.21	0.61	0
140.26	0.6	-0.4
140.31	0.57	-0.8
140.36	0.52	-1
140.41	0.47	-1.3
140.46	0.39	-1.6
140.51	0.3	-1.7
140.56	0.22	-2
140.61	0.11	-2.2
140.66	0	-2.1
140.71	-0.1	-2.1
140.76	-0.21	-2
140.81	-0.29	-1.7
140.86	-0.38	-1.5
140.91	-0.45	-1.3
140.96	-0.51	-1.1
141.01	-0.55	-0.7
141.06	-0.58	-0.2
141.11	-0.58	0.1
141.16	-0.57	0.3
141.21	-0.54	0.7
141.26	-0.5	1.1
141.31	-0.44	1.4
141.36	-0.36	1.6
141.41	-0.28	1.7
141.46	-0.18	2
141.51	-0.09	2
141.56	0.01	2.1
141.61	0.12	2.1
141.66	0.22	1.8
141.71	0.3	1.6
141.76	0.38	1.4
141.81	0.45	1.3
141.86	0.51	1.1
141.91	0.55	0.5
141.96	0.57	0.1
142.01	0.57	0
142.06	0.57	-0.3
142.11	0.53	-0.8
142.16	0.49	-1
142.21	0.44	-1.4
142.26	0.35	-1.7
142.31	0.26	-1.7
142.36	0.17	-1.7
142.41	0.09	-2
142.46	-0.02	-2.2
142.51	-0.13	-2
142.56	-0.22	-1.8
142.61	-0.3	-1.6
142.66	-0.38	-1.4
142.71	-0.45	-1.2
142.76	-0.5	-0.9
142.81	-0.53	-0.5
142.86	-0.55	-0.2
142.91	-0.55	0.2
142.96	-0.53	0.4
143.01	-0.51	0.6
143.06	-0.47	1.1
143.11	-0.4	1.4
143.16	-0.33	1.5
143.21	-0.25	1.7
143.26	-0.15	1.8
143.31	-0.07	2
143.36	0.04	1.9
143.41	0.13	1.7
143.46	0.22	1.7
143.51	0.3	1.6
143.56	0.38	1.4
143.61	0.45	1.1
143.66	0.49	0.8
143.71	0.52	0.6
143.76	0.54	0.3
143.81	0.55	-0.1
143.86	0.53	-0.5
143.91	0.5	-0.9
143.96	0.45	-1.1
144.01	0.39	-1.3
144.06	0.32	-1.6
144.11	0.23	-1.7
144.16	0.14	-1.8
144.21	0.05	-1.9
144.26	-0.04	-1.9
144.31	-0.13	-1.8
144.36	-0.23	-1.7
144.41	-0.3	-1.5
144.46	-0.38	-1.3
144.51	-0.44	-1
144.56	-0.48	-0.9
144.61	-0.52	-0.5
144.66	-0.52	0
144.71	-0.52	0.1
144.76	-0.51	0.4
144.81	-0.48	0.8
144.86	-0.44	1.2
144.91	-0.36	1.4
144.96	-0.29	1.4
145.01	-0.22	1.7
145.06	-0.13	1.8
145.11	-0.03	1.8
145.16	0.05	1.8
145.21	0.15	1.7
145.26	0.23	1.6
145.31	0.3	1.6
145.36	0.38	1.3
145.41	0.44	1
145.46	0.48	0.8
145.51	0.51	0.4
145.56	0.52	0.1
145.61	0.52	-0.2
145.66	0.5	-0.6
145.71	0.47	-0.9
145.76	0.41	-1.2
145.81	0.35	-1.3
145.86	0.28	-1.4
145.91	0.21	-1.6
145.96	0.12	-1.8
146.01	0.02	-1.8
146.06	-0.07	-1.7
146.11	-0.15	-1.7
146.16	-0.23	-1.6
146.21	-0.3	-1.5
146.26	-0.38	-1.3
146.31	-0.44	-1
146.36	-0.48	-0.5
146.41	-0.49	-0.2
146.46	-0.5	0
146.51	-0.49	0.2
146.56	-0.48	0.5
146.61	-0.44	0.9
146.66	-0.39	1.1
146.71	-0.33	1.3
146.76	-0.26	1.5
146.81	-0.17	1.6
146.86	-0.1	1.6
146.91	-0.01	1.8
146.96	0.09	1.8
147.01	0.16	1.6
147.06	0.24	1.4
147.11	0.3	1.4
147.16	0.38	1.3
147.21	0.44	0.9
147.26	0.47	0.4
147.31	0.48	0.2
147.36	0.49	0.1
147.41	0.49	-0.2
147.46	0.47	-0.5
147.51	0.44	-0.9
147.56	0.38	-1.2
147.61	0.32	-1.3
147.66	0.25	-1.4
147.71	0.17	-1.7
147.76	0.09	-1.7
147.81	0	-1.7
147.86	-0.09	-1.6
147.91	-0.16	-1.6
147.96	-0.24	-1.4
148.01	-0.3	-1.3
148.06	-0.37	-1.2
148.11	-0.42	-0.8
148.16	-0.45	-0.5
148.21	-0.48	-0.3
148.26	-0.48	0.1
148.31	-0.47	0.4
148.36	-0.44	0.6
148.41	-0.4	0.8
148.46	-0.36	1
148.51	-0.3	1.3
148.56	-0.23	1.5
148.61	-0.15	1.5
148.66	-0.08	1.6
148.71	0.01	1.6
148.76	0.09	1.6
148.81	0.17	1.6
148.86	0.25	1.4
148.91	0.32	1.2
148.96	0.37	1.1
149.01	0.42	0.7
149.06	0.45	0.4
149.11	0.47	0.3
149.16	0.48	0
149.21	0.47	-0.4
149.26	0.44	-0.8
149.31	0.39	-0.9
149.36	0.35	-1
149.41	0.29	-1.3
149.46	0.22	-1.5
149.51	0.14	-1.5
149.56	0.07	-1.6
149.61	-0.02	-1.6
149.66	-0.1	-1.5
149.71	-0.17	-1.5
149.76	-0.25	-1.3
149.81	-0.3	-1.1
149.86	-0.36	-1
149.91	-0.4	-0.8
149.96	-0.44	-0.4
150.01	-0.45	-0.1
150.06	-0.45	0.1
150.11	-0.44	0.3
150.16	-0.41	0.6
150.21	-0.37	1
150.26	-0.32	1.1
150.31	-0.26	1.2
150.36	-0.2	1.3
150.41	-0.13	1.5
150.46	-0.04	1.6
150.51	0.03	1.5
150.56	0.11	1.4
150.61	0.17	1.5
150.66	0.26	1.3
150.71	0.3	1
150.76	0.36	1
150.81	0.4	0.8
150.86	0.44	0.3
150.91	0.44	0.1
150.96	0.45	0
151.01	0.44	-0.4
151.06	0.4	-0.8
151.11	0.36	-0.9
151.16	0.32	-1
151.21	0.26	-1.3
151.26	0.18	-1.4
151.31	0.12	-1.4
151.36	0.04	-1.6
151.41	-0.04	-1.6
151.46	-0.12	-1.4
151.51	-0.18	-1.3
151.56	-0.25	-1.2
151.61	-0.3	-1
151.66	-0.35	-0.9
151.71	-0.39	-0.7
151.76	-0.41	-0.3
151.81	-0.42	-0.1
151.86	-0.42	0.2
151.91	-0.4	0.4
151.96	-0.38	0.5
152.01	-0.35	0.9
152.06	-0.29	1.2
152.11	-0.23	1.2
152.16	-0.17	1.3
152.21	-0.1	1.5
152.26	-0.02	1.4
152.31	0.04	1.5
152.36	0.13	1.5
152.41	0.2	1.3
152.46	0.26	1.1
152.51	0.3	0.9
152.56	0.35	0.9
152.61	0.39	0.7
152.66	0.41	0.3
152.71	0.42	0.1
152.76	0.42	-0.2
152.81	0.4	-0.5
152.86	0.37	-0.7
152.91	0.34	-0.9
152.96	0.28	-1.2
153.01	0.22	-1.2
153.06	0.16	-1.3
153.11	0.09	-1.5
153.16	0.01	-1.4
153.21	-0.05	-1.4
153.26	-0.13	-1.3
153.31	-0.18	-1.2
153.36	-0.25	-1.2
153.41	-0.3	-1
153.46	-0.35	-0.8
153.51	-0.38	-0.4
153.56	-0.39	-0.2
153.61	-0.4	0
153.66	-0.39	0.2
153.71	-0.38	0.4
153.76	-0.35	0.8
153.81	-0.3	0.9
153.86	-0.26	1
153.91	-0.21	1.3
153.96	-0.13	1.3
154.01	-0.08	1.3
154.06	0	1.4
154.11	0.07	1.3
154.16	0.13	1.3
154.21	0.2	1.3
154.26	0.26	1.1
154.31	0.3	0.9
154.36	0.35	0.8
154.41	0.38	0.4
154.46	0.39	0.1
154.51	0.39	0
154.56	0.39	-0.1
154.61	0.38	-0.4
154.66	0.35	-0.8
154.71	0.3	-0.9
154.76	0.26	-1.1
154.81	0.2	-1.3
154.86	0.13	-1.3
154.91	0.07	-1.3
154.96	0	-1.4
155.01	-0.08	-1.3
155.06	-0.13	-1.2
155.11	-0.2	-1.2
155.16	-0.25	-1.1
155.21	-0.3	-0.9
155.26	-0.34	-0.5
155.31	-0.36	-0.4
155.36	-0.38	-0.2
155.41	-0.38	0.1
155.46	-0.37	0.3
155.51	-0.35	0.5
155.56	-0.32	0.7
155.61	-0.28	0.9
155.66	-0.23	1.1
155.71	-0.17	1.1
155.76	-0.12	1.3
155.81	-0.04	1.3
155.86	0.01	1.3
155.91	0.09	1.3
155.96	0.14	1.2
156.01	0.21	1.2
156.06	0.26	1
156.11	0.3	0.8
156.16	0.34	0.5
156.21	0.36	0.3
156.26	0.37	0.2
156.31	0.38	0
156.36	0.37	-0.3
156.41	0.35	-0.5
156.46	0.32	-0.8
156.51	0.27	-1
156.56	0.22	-1
156.61	0.17	-1.1
156.66	0.11	-1.3
156.71	0.04	-1.2
156.76	-0.01	-1.3
156.81	-0.09	-1.3
156.86	-0.14	-1.2
156.91	-0.21	-1.1
156.96	-0.25	-0.9
157.01	-0.29	-0.8
157.06	-0.33	-0.5
157.11	-0.35	-0.3
157.16	-0.36	-0.1
157.21	-0.36	0.1
157.26	-0.35	0.3
157.31	-0.33	0.4
157.36	-0.3	0.7
157.41	-0.26	1
157.46	-0.21	1.1
157.51	-0.15	1.2
157.56	-0.09	1.2
157.61	-0.03	1.2
157.66	0.03	1.2
157.71	0.09	1.2
157.76	0.15	1.2
157.81	0.21	1.1
157.86	0.26	0.9
157.91	0.29	0.7
157.96	0.33	0.5
158.01	0.35	0.2
158.06	0.35	0
158.11	0.35	0
158.16	0.35	-0.3
158.21	0.32	-0.5
158.26	0.29	-0.7
158.31	0.25	-0.9
158.36	0.21	-1.1
158.41	0.14	-1.2
158.46	0.09	-1.1
158.51	0.03	-1.2
158.56	-0.03	-1.2
158.61	-0.09	-1.1
158.66	-0.14	-1.2
158.71	-0.21	-1.1
158.76	-0.25	-0.8
158.81	-0.28	-0.6
158.86	-0.3	-0.5
158.91	-0.34	-0.4
158.96	-0.35	-0.1
159.01	-0.35	0.2
159.06	-0.33	0.4
159.11	-0.3	0.5
159.16	-0.27	0.8
159.21	-0.23	1
159.26	-0.17	1
159.31	-0.13	1
159.36	-0.08	1.2
159.41	-0.01	1.2
159.46	0.04	1.1
159.51	0.1	1.2
159.56	0.16	1.1
159.61	0.21	0.9
159.66	0.25	0.8
159.71	0.28	0.5
159.76	0.3	0.4
159.81	0.33	0.3
159.86	0.34	0.1
159.91	0.34	-0.2
159.96	0.32	-0.3
160.01	0.3	-0.5
160.06	0.26	-0.9
160.11	0.22	-0.9
160.16	0.17	-0.9
160.21	0.13	-1
160.26	0.08	-1.2
160.31	0.01	-1.2
160.36	-0.04	-1.1
160.41	-0.1	-1.1
160.46	-0.15	-1.1
160.51	-0.21	-1
160.56	-0.25	-0.6
160.61	-0.27	-0.5
160.66	-0.3	-0.4
160.71	-0.32	-0.1
160.76	-0.32	0
160.81	-0.32	0.1
160.86	-0.3	0.3
160.91	-0.28	0.5
160.96	-0.25	0.7
161.01	-0.22	0.9
161.06	-0.16	1.1
161.11	-0.11	1.1
161.16	-0.05	1.1
161.21	0	1.1
161.26	0.05	1.1
161.31	0.11	1.1
161.36	0.16	1
161.41	0.21	0.9
161.46	0.25	0.6
161.51	0.27	0.5
161.56	0.3	0.4
161.61	0.32	0.1
161.66	0.32	0
161.71	0.32	-0.1
161.76	0.3	-0.4
161.81	0.27	-0.5
161.86	0.25	-0.6
161.91	0.21	-0.9
161.96	0.16	-1
162.01	0.11	-1.1
162.06	0.05	-1.1
162.11	0	-1.1
162.16	-0.05	-1.1
162.21	-0.11	-1.1
162.26	-0.16	-1
162.31	-0.21	-0.8
162.36	-0.24	-0.6
162.41	-0.26	-0.5
162.46	-0.29	-0.4
162.51	-0.3	-0.1
162.56	-0.3	0
162.61	-0.3	0.2
162.66	-0.28	0.4
162.71	-0.26	0.5
162.76	-0.23	0.8
162.81	-0.18	0.9
162.86	-0.14	1
162.91	-0.09	1
162.96	-0.04	1
163.01	0.01	1.1
163.06	0.07	1.1
163.11	0.12	1
163.16	0.16	0.9
163.21	0.21	0.7
163.26	0.24	0.5
163.31	0.26	0.5
163.36	0.29	0.4
163.41	0.3	0.1
163.46	0.3	0
163.51	0.3	-0.2
163.56	0.28	-0.4
163.61	0.26	-0.6
163.66	0.22	-0.8
163.71	0.18	-0.8
163.76	0.14	-1
163.81	0.09	-1
163.86	0.04	-1
163.91	-0.01	-1
163.96	-0.05	-1
164.01	-0.11	-1.1
164.06	-0.16	-0.9
164.11	-0.2	-0.7
164.16	-0.23	-0.7
164.21	-0.26	-0.4
164.26	-0.27	-0.2
164.31	-0.28	-0.2
164.36	-0.29	0.1
164.41	-0.27	0.3
164.46	-0.26	0.3
164.51	-0.24	0.5
164.56	-0.21	0.6
164.61	-0.17	0.8
164.66	-0.13	0.9
164.71	-0.09	1
164.76	-0.03	1.1
164.81	0.02	1.1
164.86	0.08	1
164.91	0.12	0.9
164.96	0.16	0.9
165.01	0.21	0.7
165.06	0.23	0.5
165.11	0.26	0.4
165.16	0.27	0.2
165.21	0.28	0.1
165.26	0.28	-0.1
165.31	0.27	-0.2
165.36	0.26	-0.4
165.41	0.23	-0.5
165.46	0.21	-0.5
165.51	0.17	-0.8
165.56	0.13	-1
165.61	0.08	-1
165.66	0.03	-1
165.71	-0.02	-1.1
165.76	-0.08	-1
165.81	-0.12	-0.8
165.86	-0.15	-0.7
165.91	-0.18	-0.6
165.96	-0.22	-0.6
166.01	-0.25	-0.4
166.06	-0.26	-0.1
166.11	-0.26	0
166.16	-0.26	0
166.21	-0.26	0.2
166.26	-0.24	0.4
166.31	-0.22	0.6
166.36	-0.18	0.7
166.41	-0.14	0.7
166.46	-0.11	0.8
166.51	-0.07	1
166.56	-0.01	1
166.61	0.03	0.9
166.66	0.08	0.9
166.71	0.12	0.9
166.76	0.16	0.8
166.81	0.2	0.5
166.86	0.22	0.6
166.91	0.25	0.5
166.96	0.26	0.1
167.01	0.26	0
167.06	0.26	0
167.11	0.26	-0.2
167.16	0.24	-0.4
167.21	0.22	-0.5
167.26	0.18	-0.8
167.31	0.14	-0.8
167.36	0.11	-0.8
167.41	0.07	-1
167.46	0.01	-1
167.51	-0.03	-0.9
167.56	-0.08	-0.9
167.61	-0.12	-0.8
167.66	-0.15	-0.6
167.71	-0.18	-0.7
167.76	-0.22	-0.5
167.81	-0.23	-0.3
167.86	-0.25	-0.3
167.91	-0.26	-0.1
167.96	-0.26	0.2
168.01	-0.24	0.4
168.06	-0.22	0.3
168.11	-0.21	0.4
168.16	-0.17	0.8
168.21	-0.13	0.9
168.26	-0.09	0.8
168.31	-0.05	0.9
168.36	0	1
168.41	0.04	0.9
168.46	0.09	0.8
168.51	0.12	0.8
168.56	0.16	0.7
168.61	0.18	0.5
168.66	0.22	0.4
168.71	0.23	0.3
168.76	0.25	0.2
168.81	0.25	0
168.86	0.25	-0.1
168.91	0.24	-0.3
168.96	0.22	-0.4
169.01	0.2	-0.4
169.06	0.17	-0.6
169.11	0.13	-0.9
169.16	0.09	-0.9
169.21	0.04	-0.9
169.26	0	-0.8
169.31	-0.03	-0.8
169.36	-0.08	-0.9
169.41	-0.12	-0.8
169.46	-0.15	-0.5
169.51	-0.17	-0.5
169.56	-0.21	-0.4
169.61	-0.22	-0.2
169.66	-0.23	-0.2
169.71	-0.24	-0.1
169.76	-0.24	0.2
169.81	-0.22	0.3
169.86	-0.21	0.3
169.91	-0.18	0.6
169.96	-0.15	0.7
170.01	-0.12	0.7
170.06	-0.09	0.8
170.11	-0.04	0.9
170.16	0	0.9
170.21	0.04	0.9
170.26	0.09	0.8
170.31	0.12	0.7
170.36	0.15	0.5
170.41	0.17	0.5
170.46	0.21	0.4
170.51	0.22	0.2
170.56	0.23	0.2
170.61	0.24	0
170.66	0.23	-0.2
170.71	0.22	-0.2
170.76	0.21	-0.4
170.81	0.17	-0.5
170.86	0.15	-0.5
170.91	0.12	-0.6
170.96	0.09	-0.8
171.01	0.04	-0.9
171.06	0	-0.9
171.11	-0.04	-0.8
171.16	-0.08	-0.7
171.21	-0.12	-0.6
171.26	-0.14	-0.5
171.31	-0.17	-0.5
171.36	-0.2	-0.4
171.41	-0.22	-0.2
171.46	-0.22	0
171.51	-0.22	0
171.56	-0.22	0
171.61	-0.22	0.3
171.66	-0.18	0.5
171.71	-0.17	0.4
171.76	-0.14	0.7
171.81	-0.11	0.7
171.86	-0.08	0.7
171.91	-0.03	0.7
171.96	0	0.8
172.01	0.04	0.9
172.06	0.09	0.8
172.11	0.12	0.5
172.16	0.14	0.5
172.21	0.17	0.5
172.26	0.2	0.4
172.31	0.22	0.2
172.36	0.22	0
172.41	0.22	0
172.46	0.22	-0.1
172.51	0.21	-0.3
172.56	0.18	-0.3
172.61	0.17	-0.5
172.66	0.13	-0.7
172.71	0.11	-0.6
172.76	0.08	-0.7
172.81	0.04	-0.8
172.86	0	-0.9
172.91	-0.04	-0.8
172.96	-0.08	-0.7
173.01	-0.11	-0.7
173.06	-0.14	-0.6
173.11	-0.17	-0.4
173.16	-0.18	-0.3
173.21	-0.21	-0.2
173.26	-0.21	-0.1
173.31	-0.22	0
173.36	-0.21	0.2
173.41	-0.2	0.3
173.46	-0.17	0.4
173.51	-0.15	0.4
173.56	-0.13	0.5
173.61	-0.1	0.8
173.66	-0.05	0.6
173.71	-0.03	0.7
173.76	0.01	0.8
173.81	0.04	0.8
173.86	0.09	0.8
173.91	0.12	0.5
173.96	0.14	0.5
174.01	0.17	0.4
174.06	0.18	0.2
174.11	0.2	0.2
174.16	0.21	0.1
174.21	0.21	0
174.26	0.21	-0.2
174.31	0.18	-0.3
174.36	0.17	-0.3
174.41	0.15	-0.4
174.46	0.13	-0.6
174.51	0.09	-0.8
174.56	0.05	-0.5
174.61	0.03	-0.6
174.66	0	-0.8
174.71	-0.04	-0.8
174.76	-0.08	-0.7
174.81	-0.11	-0.5
174.86	-0.13	-0.5
174.91	-0.16	-0.4
174.96	-0.17	-0.2
175.01	-0.18	-0.2
175.06	-0.2	-0.1
175.11	-0.2	0.1
175.16	-0.18	0.2
175.21	-0.17	0.2
175.26	-0.16	0.4
175.31	-0.13	0.4
175.36	-0.12	0.4
175.41	-0.09	0.8
175.46	-0.04	0.8
175.51	-0.01	0.5
175.56	0.01	0.5
175.61	0.04	0.8
175.66	0.09	0.7
175.71	0.11	0.4
175.76	0.13	0.5
175.81	0.16	0.4
175.86	0.17	0.2
175.91	0.18	0.2
175.96	0.2	0.1
176.01	0.2	-0.1
176.06	0.18	-0.2
176.11	0.17	-0.2
176.16	0.16	-0.4
176.21	0.13	-0.4
176.26	0.12	-0.4
176.31	0.09	-0.6
176.36	0.05	-0.7
176.41	0.02	-0.7
176.46	-0.01	-0.6
176.51	-0.04	-0.7
176.56	-0.08	-0.5
176.61	-0.1	-0.5
176.66	-0.13	-0.5
176.71	-0.15	-0.3
176.76	-0.16	-0.2
176.81	-0.17	-0.1
176.86	-0.17	0
176.91	-0.17	0
176.96	-0.17	0.1
177.01	-0.16	0.3
177.06	-0.14	0.3
177.11	-0.13	0.4
177.16	-0.1	0.5
177.21	-0.08	0.5
177.26	-0.04	0.6
177.31	-0.01	0.7
177.36	0.02	0.6
177.41	0.04	0.6
177.46	0.09	0.5
177.51	0.1	0.4
177.56	0.13	0.4
177.61	0.14	0.3
177.66	0.16	0.3
177.71	0.17	0.1
177.76	0.17	0
177.81	0.17	0
177.86	0.17	-0.1
177.91	0.16	-0.3
177.96	0.14	-0.3
178.01	0.13	-0.4
178.06	0.1	-0.5
178.11	0.08	-0.5
178.16	0.04	-0.6
178.21	0.01	-0.5
178.26	-0.01	-0.5
178.31	-0.04	-0.6
178.36	-0.08	-0.5
178.41	-0.1	-0.4
178.46	-0.12	-0.3
178.51	-0.13	-0.3
178.56	-0.15	-0.3
178.61	-0.16	-0.2
178.66	-0.17	-0.1
178.71	-0.17	0.1
178.76	-0.16	0.3
178.81	-0.14	0.3
178.86	-0.13	0.2
178.91	-0.12	0.4
178.96	-0.09	0.5
179.01	-0.07	0.4
179.06	-0.04	0.7
179.11	0	0.7
179.16	0.02	0.4
179.21	0.04	0.5
179.26	0.08	0.5
179.31	0.1	0.5
179.36	0.13	0.3
179.41	0.13	0.2
179.46	0.15	0.3
179.51	0.16	0.1
179.56	0.16	0
179.61	0.16	0
179.66	0.16	-0.2
179.71	0.14	-0.3
179.76	0.13	-0.2
179.81	0.12	-0.4
179.86	0.09	-0.5
179.91	0.07	-0.4
179.96	0.04	-0.6
180.01	0.01	-0.5
180.06	-0.01	-0.5
180.11	-0.04	-0.7
180.16	-0.08	-0.4
180.21	-0.09	-0.4
180.26	-0.12	-0.4
180.31	-0.13	-0.2
180.36	-0.14	-0.2
180.41	-0.15	-0.1
180.46	-0.15	0
180.51	-0.15	0.1
180.56	-0.14	0.2
180.61	-0.13	0.2
180.66	-0.12	0.3
180.71	-0.1	0.3
180.76	-0.09	0.4
180.81	-0.05	0.5
180.86	-0.03	0.5
180.91	0	0.5
180.96	0.02	0.4
181.01	0.04	0.5
181.06	0.08	0.4
181.11	0.09	0.4
181.16	0.12	0.4
181.21	0.13	0.2
181.26	0.14	0.2
181.31	0.15	0.1
181.36	0.15	0
181.41	0.15	-0.1
181.46	0.14	-0.2
181.51	0.13	-0.2
181.56	0.12	-0.3
181.61	0.1	-0.3
181.66	0.09	-0.4
181.71	0.05	-0.5
181.76	0.03	-0.6
181.81	0	-0.6
181.86	-0.02	-0.4
181.91	-0.04	-0.4
181.96	-0.07	-0.4
182.01	-0.09	-0.4
182.06	-0.11	-0.3
182.11	-0.12	-0.2
182.16	-0.13	-0.1
182.21	-0.13	0
182.26	-0.13	0
182.31	-0.13	0
182.36	-0.13	0.1
182.41	-0.12	0.3
182.46	-0.1	0.3
182.51	-0.09	0.3
182.56	-0.07	0.4
182.61	-0.04	0.4
182.66	-0.02	0.4
182.71	0	0.5
182.76	0.03	0.4
182.81	0.04	0.4
182.86	0.08	0.4
182.91	0.09	0.3
182.96	0.11	0.3
183.01	0.12	0.2
183.06	0.13	0.1
183.11	0.13	0
183.16	0.13	0
183.21	0.13	0
183.26	0.13	-0.1
183.31	0.12	-0.3
183.36	0.1	-0.3
183.41	0.09	-0.2
183.46	0.08	-0.4
183.51	0.04	-0.5
183.56	0.02	-0.4
183.61	0	-0.4
183.66	-0.02	-0.4
183.71	-0.04	-0.4
183.76	-0.07	-0.4
183.81	-0.09	-0.3
183.86	-0.1	-0.2
183.91	-0.11	-0.2
183.96	-0.12	-0.2
184.01	-0.13	-0.1
184.06	-0.13	0
184.11	-0.13	0.1
184.16	-0.12	0.2
184.21	-0.11	0.3
184.26	-0.09	0.3
184.31	-0.08	0.3
184.36	-0.05	0.3
184.41	-0.04	0.4
184.46	-0.01	0.4
184.51	0	0.4
184.56	0.03	0.4
184.61	0.04	0.3
184.66	0.07	0.4
184.71	0.09	0.3
184.76	0.1	0.2
184.81	0.11	0.2
184.86	0.12	0.2
184.91	0.13	0.1
184.96	0.13	0
185.01	0.13	-0.1
185.06	0.12	-0.3
185.11	0.1	-0.3
185.16	0.09	-0.2
185.21	0.08	-0.3
185.26	0.05	-0.3
185.31	0.04	-0.3
185.36	0.02	-0.4
185.41	0	-0.4
185.46	-0.02	-0.4
185.51	-0.04	-0.3
185.56	-0.05	-0.3
185.61	-0.08	-0.3
185.66	-0.09	-0.2
185.71	-0.1	-0.2
185.76	-0.11	-0.1
185.81	-0.11	-0.1
185.86	-0.12	0
185.91	-0.11	0.2
185.96	-0.1	0.2
186.01	-0.09	0.1
186.06	-0.09	0.2
186.11	-0.07	0.4
186.16	-0.04	0.3
186.21	-0.03	0.3
186.26	-0.01	0.3
186.31	0	0.4
186.36	0.03	0.4
186.41	0.04	0.3
186.46	0.07	0.4
186.51	0.09	0.2
186.56	0.09	0.1
186.61	0.1	0.2
186.66	0.11	0.1
186.71	0.11	0.1
186.76	0.12	0
186.81	0.11	-0.2
186.86	0.1	-0.2
186.91	0.09	-0.1
186.96	0.09	-0.2
187.01	0.07	-0.4
187.06	0.04	-0.3
187.11	0.03	-0.3
187.16	0.01	-0.3
187.21	0	-0.3
187.26	-0.02	-0.4
187.31	-0.04	-0.3
187.36	-0.05	-0.3
187.41	-0.08	-0.3
187.47	-0.09	-0.1
187.51	-0.09	-0.1
187.56	-0.1	-0.1
187.61	-0.1	0
187.66	-0.1	0
187.71	-0.1	0.1
187.76	-0.09	0.1
187.81	-0.09	0.1
187.86	-0.08	0.3
187.91	-0.05	0.3
187.96	-0.04	0.3
188.01	-0.02	0.4
188.06	0	0.3
188.11	0.01	0.3
188.16	0.03	0.3
188.21	0.04	0.2
188.26	0.05	0.3
188.31	0.08	0.3
188.36	0.09	0.1
188.41	0.09	0
188.46	0.09	0.1
188.51	0.1	0.1
188.56	0.1	0
188.61	0.1	-0.1
188.66	0.09	-0.1
188.71	0.09	-0.1
188.76	0.08	-0.3
188.81	0.05	-0.3
188.86	0.04	-0.2
188.91	0.03	-0.3
188.96	0.01	-0.3
189.01	0	-0.3
189.06	-0.02	-0.4
189.11	-0.04	-0.2
189.16	-0.04	-0.2
189.21	-0.07	-0.3
189.26	-0.08	-0.2
189.31	-0.09	-0.1
189.36	-0.09	0
189.41	-0.09	0
189.46	-0.09	0
189.51	-0.09	0
189.56	-0.09	0.2
189.61	-0.07	0.3
189.66	-0.05	0.2
189.71	-0.04	0.2
189.76	-0.03	0.3
189.81	-0.01	0.3
189.86	0	0.2
189.91	0.01	0.3
189.96	0.03	0.3
190.01	0.04	0.2
190.06	0.05	0.2
190.11	0.07	0.2
190.16	0.08	0.2
190.21	0.09	0.1
190.26	0.09	0
190.31	0.09	0
190.36	0.09	0
190.41	0.09	0
190.46	0.09	-0.1
190.51	0.08	-0.3
190.56	0.05	-0.3
190.61	0.04	-0.2
190.66	0.03	-0.2
190.71	0.02	-0.3
190.76	0	-0.2
190.81	0	-0.2
190.86	-0.02	-0.4
190.91	-0.04	-0.2
190.96	-0.04	-0.1
191.01	-0.05	-0.2
191.06	-0.07	-0.2
191.11	-0.08	-0.1
191.16	-0.08	0
191.21	-0.08	0
191.26	-0.08	0
191.31	-0.08	0.1
191.36	-0.07	0.2
191.41	-0.05	0.2
191.46	-0.04	0.1
191.51	-0.04	0.2
191.56	-0.02	0.3
191.61	-0.01	0.2
191.66	0	0.2
191.71	0.01	0.3
191.76	0.03	0.3
191.81	0.04	0.1
191.86	0.04	0.1
191.91	0.05	0.3
191.96	0.08	0.2
192.01	0.08	0
192.06	0.08	0
192.11	0.08	0
192.16	0.08	0
192.21	0.08	-0.1
192.26	0.07	-0.2
192.31	0.05	-0.2
192.36	0.04	-0.1
192.41	0.04	-0.1
192.46	0.03	-0.3
192.51	0.01	-0.3
192.56	0	-0.2
192.61	-0.01	-0.2
192.66	-0.02	-0.2
192.71	-0.03	-0.2
192.76	-0.04	-0.1
192.81	-0.04	-0.1
192.86	-0.05	-0.2
192.91	-0.07	-0.1
192.96	-0.07	0
193.01	-0.07	0
193.06	-0.07	0.1
193.11	-0.05	0.1
193.16	-0.05	0.1
193.21	-0.04	0.1
193.26	-0.04	0.1
193.31	-0.03	0.3
193.36	-0.01	0.3
193.41	0	0.1
193.46	0	0.1
193.51	0.01	0.3
193.56	0.03	0.3
193.61	0.04	0.1
193.66	0.04	0.1
193.71	0.05	0.1
193.76	0.05	0.1
193.81	0.07	0.1
193.86	0.07	0
193.91	0.07	0
193.96	0.07	0
194.01	0.07	-0.1
194.06	0.05	-0.2
194.11	0.04	-0.1
194.16	0.04	-0.1
194.21	0.03	-0.2
194.26	0.02	-0.2
194.31	0.01	-0.2
194.36	0	-0.2
194.41	-0.01	-0.2
194.46	-0.02	-0.2
194.51	-0.03	-0.2
194.56	-0.04	-0.1
194.61	-0.04	0
194.66	-0.04	-0.1
194.71	-0.05	-0.1
194.76	-0.05	0
194.81	-0.05	0
194.86	-0.05	0
194.91	-0.05	0.1
194.96	-0.04	0.1
195.01	-0.04	0.1
195.06	-0.03	0.2
195.11	-0.02	0.2
195.16	-0.01	0.2
195.21	0	0.1
195.26	0	0.1
195.31	0.01	0.3
195.36	0.03	0.3
195.41	0.04	0.1
195.46	0.04	0
195.51	0.04	0.1
195.56	0.05	0.1
195.61	0.05	0
195.66	0.05	0
195.71	0.05	0
195.76	0.05	0
195.81	0.05	-0.1
195.86	0.04	-0.1
195.91	0.04	0
195.96	0.04	-0.1
196.01	0.03	-0.3
196.06	0.01	-0.3
196.11	0	-0.1
196.16	0	-0.1
196.21	-0.01	-0.2
196.26	-0.02	-0.2
196.31	-0.03	-0.1
196.36	-0.03	-0.1
196.41	-0.04	-0.1
196.46	-0.04	0
196.51	-0.04	0
196.56	-0.04	0
196.61	-0.04	0
196.66	-0.04	0
196.71	-0.04	0
196.76	-0.04	0.1
196.81	-0.03	0.2
196.86	-0.02	0.2
196.91	-0.01	0.1
196.96	-0.01	0.1
197.01	0	0.1
197.06	0	0.1
197.12	0.01	0.2
197.16	0.02	0.2
197.21	0.03	0.2
197.26	0.04	0.1
197.31	0.04	0
197.36	0.04	0
197.41	0.04	0
197.46	0.04	0
197.51	0.04	0
197.56	0.04	0
197.61	0.04	0
197.66	0.04	0
197.71	0.04	-0.1
197.76	0.03	-0.2
197.81	0.02	-0.2
197.86	0.01	-0.2
197.91	0	-0.1
197.96	0	-0.1
198.01	-0.01	-0.1
198.06	-0.01	-0.1
198.11	-0.02	-0.2
198.16	-0.03	-0.1
198.21	-0.03	-0.1
198.26	-0.04	-0.1
198.31	-0.04	0
198.36	-0.04	0
198.41	-0.04	0
198.46	-0.04	0
198.51	-0.04	0.1
198.56	-0.03	0.2
198.61	-0.02	0.2
198.66	-0.01	0.1
198.71	-0.01	0.1
198.76	0	0.1
198.81	0	0
198.86	0	0.1
198.91	0.01	0.2
198.96	0.02	0.2
199.01	0.03	0.1
199.06	0.03	0.1
199.11	0.04	0.1
199.16	0.04	0
199.21	0.04	0
199.26	0.04	0
199.31	0.04	0
199.36	0.04	0
199.41	0.04	-0.1
199.46	0.03	-0.1
199.51	0.03	-0.1
199.56	0.02	-0.2
199.61	0.01	-0.1
199.66	0.01	-0.1
199.71	0	-0.1
199.76	0	0
199.81	0	-0.1
199.86	-0.01	-0.2
199.91	-0.02	-0.1
199.96	-0.02	-0.1
200.01	-0.03	-0.1
200.06	-0.03	0
200.11	-0.03	0
200.16	-0.03	0
200.21	-0.03	0
200.26	-0.03	0.1
200.31	-0.02	0.1
200.36	-0.02	0.1
200.41	-0.01	0.1
200.46	-0.01	0.1
200.51	0	0.1
200.56	0	0
200.61	0	0
200.66	0	0.1
200.71	0.01	0.2
200.76	0.02	0.1
200.81	0.02	0.1
200.86	0.03	0.1
200.91	0.03	0
200.96	0.03	0
201.01	0.03	0
201.06	0.03	0
201.11	0.03	0
201.16	0.03	0
201.21	0.03	-0.1
201.26	0.02	-0.1
201.31	0.02	-0.1
201.36	0.01	-0.1
201.41	0.01	-0.1
201.46	0	-0.1
201.51	0	0
201.56	0	0
201.61	0	-0.1
201.66	-0.01	-0.1
201.71	-0.01	0
201.76	-0.01	-0.1
201.81	-0.02	-0.1
201.86	-0.02	0
201.91	-0.02	0
201.96	-0.02	0
202.01	-0.02	0
202.06	-0.02	0.1
202.11	-0.01	0.1
202.16	-0.01	0
202.21	-0.01	0.1
202.26	0	0.1
202.31	0	0
202.36	0	0
202.41	0	0
202.46	0	0.1
202.51	0.01	0.1
202.56	0.01	0.1
202.61	0.02	0.1
202.66	0.02	0
202.71	0.02	0
202.76	0.02	0
202.81	0.02	0
202.86	0.02	0
202.91	0.02	0
202.96	0.02	0
203.01	0.02	-0.1
203.06	0.01	-0.1
203.11	0.01	0
203.16	0.01	-0.1
203.21	0	-0.1
203.26	0	0
203.31	0	0
203.36	0	0
203.41	0	0
203.46	0	-0.1
203.51	-0.01	-0.1
203.56	-0.01	0
203.61	-0.01	0
203.66	-0.01	0
203.71	-0.01	0
203.76	-0.01	0
203.81	-0.01	0
203.86	-0.01	0
203.91	-0.01	0.1
203.96	0	0.1
204.01	0	0
204.06	0	0
204.11	0	0
204.16	0	0
204.21	0	0
204.26	0	0.1
204.31	0.01	0.1
204.36	0.01	0
204.41	0.01	0
204.46	0.01	0
204.51	0.01	0
204.56	0.01	0
204.61	0.01	0
204.66	0.01	0
204.71	0.01	0
204.76	0.01	0
204.81	0.01	0
204.86	0.01	-0.1
204.91	0	-0.1
204.96	0	0
205.01	0	0
205.06	0	0
205.11	0	0
205.16	0	0
205.21	0	0
205.26	0	0
205.31	0	0
205.36	0	0
205.41	0	0
205.46	0	0
205.51	0	0
205.56	0	0
205.61	0	0
205.66	0	0
205.71	0	0
205.76	0	0
205.81	0	0
205.86	0	0
205.91	0	0
205.96	0	0
206.01	0	0
206.06	0	0
206.11	0	0
206.16	0	0
206.21	0	0
206.26	0	0
206.31	0	0
206.36	0	0
206.41	0	0
206.46	0	0
206.51	0	0
206.56	0	0
206.61	0	0
206.66	0	0
206.71	0	0
206.76	0	0
206.81	0	0
206.86	0	0
206.91	0	0
206.96	0	0
207.01	0	0
207.06	0	0
207.11	0	0
207.16	0	0
207.21	0	0
207.26	0	0
207.31	0	0
207.36	0	0
207.41	0	0
207.46	0	0
207.51	0	0
207.56	0	0
207.61	0	0
207.66	0	0
207.71	0	0
207.76	0	0
207.81	0	0
207.86	0	0
207.91	0	0
207.96	0	0
208.01	0	0
208.06	0	0
208.11	0	0
208.16	0	0
208.21	0	0
208.26	0	0
208.31	0	0
208.36	0	0
208.41	0	0
208.46	0	0
208.51	0	0
208.56	0	0
208.61	0	0
208.66	0	0
208.71	0	0
208.76	0	0
208.81	0	0
208.86	0	0
208.91	0	0
208.96	0	0
209.01	0	0
209.06	0	0
209.11	0	0
209.16	0	0
209.21	0	0
 
