#t / s	&b_A1 / rad
0	2.83
0.05	2.83
0.1	2.83
0.15	2.83
0.2	2.83
0.25	2.83
0.3	2.83
0.35	2.83
0.4	2.83
0.45	2.83
0.5	2.83
0.55	2.83
0.6	2.83
0.65	2.81
0.7	2.74
0.75	2.61
0.8	2.38
0.85	2.09
0.9	1.71
0.95	1.31
1	0.86
1.05	0.38
1.1	-0.12
1.15	-0.61
1.2	-1.09
1.25	-1.5
1.3	-1.89
1.35	-2.23
1.4	-2.48
1.45	-2.69
1.5	-2.79
1.55	-2.74
1.6	-2.61
1.65	-2.37
1.7	-2.09
1.75	-1.73
1.8	-1.33
1.85	-0.87
1.9	-0.4
1.95	0.07
2	0.57
2.05	1.01
2.1	1.44
2.15	1.83
2.2	2.13
2.25	2.39
2.3	2.57
2.35	2.69
2.4	2.7
2.45	2.62
2.5	2.48
2.55	2.23
2.6	1.95
2.65	1.58
2.7	1.18
2.75	0.73
2.8	0.26
2.85	-0.21
2.9	-0.69
2.95	-1.12
3	-1.53
3.05	-1.9
3.1	-2.21
3.15	-2.45
3.2	-2.61
3.25	-2.71
3.3	-2.73
3.35	-2.66
3.4	-2.52
3.45	-2.3
3.5	-2
3.55	-1.68
3.6	-1.28
3.65	-0.86
3.7	-0.4
3.75	0.08
3.8	0.52
3.85	0.98
3.9	1.39
3.95	1.76
4	2.06
4.05	2.31
4.1	2.48
4.15	2.58
4.2	2.61
4.25	2.52
4.3	2.39
4.35	2.18
4.4	1.88
4.45	1.52
4.5	1.13
4.55	0.71
4.6	0.26
4.65	-0.2
4.7	-0.65
4.75	-1.09
4.8	-1.48
4.85	-1.83
4.9	-2.13
4.95	-2.36
5	-2.52
5.05	-2.61
5.1	-2.62
5.15	-2.57
5.2	-2.43
5.25	-2.22
5.3	-1.93
5.35	-1.61
5.4	-1.23
5.45	-0.83
5.5	-0.39
5.55	0.05
5.6	0.52
5.65	0.95
5.7	1.34
5.75	1.7
5.8	2
5.85	2.23
5.9	2.4
5.95	2.49
6	2.51
6.05	2.45
6.1	2.31
6.15	2.09
6.2	1.82
6.25	1.48
6.3	1.1
6.35	0.69
6.4	0.25
6.45	-0.18
6.5	-0.62
6.55	-1.04
6.6	-1.44
6.65	-1.77
6.7	-2.05
6.75	-2.27
6.8	-2.44
6.85	-2.52
6.9	-2.54
6.95	-2.48
7	-2.35
7.05	-2.13
7.1	-1.87
7.15	-1.56
7.2	-1.19
7.25	-0.78
7.3	-0.37
7.35	0.07
7.4	0.49
7.45	0.91
7.5	1.31
7.55	1.65
7.6	1.93
7.65	2.18
7.7	2.32
7.75	2.42
7.8	2.44
7.85	2.36
7.9	2.22
7.95	2.01
8	1.74
8.05	1.43
8.1	1.07
8.15	0.65
8.2	0.25
8.25	-0.22
8.3	-0.61
8.35	-1.01
8.4	-1.39
8.45	-1.71
8.5	-2
8.55	-2.21
8.6	-2.35
8.65	-2.44
8.7	-2.45
8.75	-2.39
8.8	-2.25
8.85	-2.05
8.9	-1.8
8.95	-1.48
9	-1.13
9.05	-0.75
9.1	-0.35
9.15	0.09
9.2	0.49
9.25	0.89
9.3	1.26
9.35	1.6
9.4	1.87
9.45	2.09
9.5	2.25
9.55	2.34
9.6	2.35
9.65	2.27
9.7	2.14
9.75	1.95
9.8	1.68
9.85	1.36
9.9	1
9.95	0.61
10	0.22
10.05	-0.21
10.1	-0.61
10.15	-0.99
10.2	-1.35
10.25	-1.66
10.3	-1.93
10.35	-2.13
10.4	-2.27
10.45	-2.35
10.5	-2.36
10.55	-2.3
10.6	-2.18
10.65	-1.97
10.7	-1.73
10.75	-1.43
10.8	-1.09
10.85	-0.71
10.9	-0.3
10.95	0.09
11	0.51
11.05	0.87
11.1	1.24
11.15	1.56
11.2	1.83
11.25	2.03
11.3	2.18
11.35	2.26
11.4	2.26
11.45	2.2
11.5	2.06
11.55	1.87
11.6	1.61
11.65	1.31
11.7	0.96
11.75	0.59
11.8	0.2
11.85	-0.21
11.9	-0.6
11.95	-0.97
12	-1.31
12.05	-1.61
12.1	-1.87
12.15	-2.07
12.2	-2.21
12.25	-2.26
12.3	-2.27
12.35	-2.22
12.4	-2.09
12.45	-1.9
12.5	-1.65
12.55	-1.35
12.6	-1.03
12.65	-0.66
12.7	-0.29
12.75	0.11
12.8	0.48
12.85	0.86
12.9	1.22
12.95	1.5
13	1.77
13.05	1.96
13.1	2.1
13.15	2.18
13.2	2.18
13.25	2.12
13.3	1.99
13.35	1.78
13.4	1.53
13.45	1.26
13.5	0.91
13.55	0.54
13.6	0.17
13.65	-0.21
13.7	-0.6
13.75	-0.96
13.8	-1.28
13.85	-1.57
13.9	-1.82
13.95	-2
14	-2.13
14.05	-2.19
14.1	-2.19
14.15	-2.13
14.2	-2
14.25	-1.83
14.3	-1.59
14.35	-1.29
14.4	-0.97
14.45	-0.63
14.5	-0.25
14.55	0.13
14.6	0.49
14.65	0.85
14.7	1.18
14.75	1.48
14.8	1.71
14.85	1.92
14.9	2.03
14.95	2.1
15	2.1
15.05	2.05
15.1	1.92
15.15	1.73
15.2	1.48
15.25	1.2
15.3	0.87
15.35	0.51
15.4	0.13
15.45	-0.22
15.5	-0.59
15.55	-0.95
15.6	-1.24
15.65	-1.53
15.7	-1.75
15.75	-1.95
15.8	-2.06
15.85	-2.12
15.9	-2.12
15.95	-2.05
16	-1.92
16.05	-1.74
16.1	-1.51
16.15	-1.23
16.2	-0.92
16.25	-0.58
16.3	-0.22
16.35	0.13
16.4	0.49
16.45	0.86
16.5	1.15
16.55	1.44
16.6	1.66
16.65	1.84
16.7	1.97
16.75	2.03
16.8	2.03
16.85	1.96
16.9	1.83
16.95	1.65
17	1.4
17.05	1.13
17.1	0.82
17.15	0.48
17.2	0.11
17.25	-0.24
17.3	-0.6
17.35	-0.91
17.4	-1.22
17.45	-1.48
17.5	-1.7
17.55	-1.87
17.6	-1.99
17.65	-2.05
17.7	-2.05
17.75	-1.97
17.8	-1.85
17.85	-1.66
17.9	-1.44
17.95	-1.18
18	-0.87
18.05	-0.54
18.1	-0.2
18.15	0.15
18.2	0.5
18.25	0.83
18.3	1.13
18.35	1.39
18.4	1.62
18.45	1.8
18.5	1.92
18.55	1.96
18.6	1.96
18.65	1.88
18.7	1.76
18.75	1.58
18.8	1.35
18.85	1.08
18.9	0.77
18.95	0.44
19	0.1
19.05	-0.26
19.1	-0.58
19.15	-0.91
19.2	-1.19
19.25	-1.45
19.3	-1.65
19.35	-1.83
19.4	-1.93
19.45	-1.97
19.5	-1.96
19.55	-1.89
19.6	-1.78
19.65	-1.61
19.7	-1.37
19.75	-1.12
19.8	-0.82
19.85	-0.5
19.9	-0.16
19.95	0.17
20	0.5
20.05	0.83
20.1	1.11
20.15	1.36
20.2	1.58
20.25	1.74
20.3	1.85
20.35	1.9
20.4	1.88
20.45	1.83
20.5	1.7
20.55	1.52
20.6	1.29
20.65	1.02
20.7	0.73
20.75	0.39
20.8	0.08
20.85	-0.26
20.9	-0.59
20.95	-0.89
21	-1.18
21.05	-1.41
21.1	-1.61
21.15	-1.76
21.2	-1.87
21.25	-1.92
21.3	-1.89
21.35	-1.83
21.4	-1.7
21.45	-1.52
21.5	-1.31
21.55	-1.06
21.6	-0.77
21.65	-0.46
21.7	-0.13
21.75	0.2
21.8	0.51
21.85	0.82
21.9	1.1
21.95	1.34
22	1.53
22.05	1.7
22.1	1.78
22.15	1.83
22.2	1.83
22.25	1.74
22.3	1.62
22.35	1.45
22.4	1.22
22.45	0.96
22.5	0.67
22.55	0.38
22.6	0.04
22.65	-0.27
22.7	-0.6
22.75	-0.88
22.8	-1.14
22.85	-1.38
22.9	-1.57
22.95	-1.71
23	-1.81
23.05	-1.84
23.1	-1.83
23.15	-1.75
23.2	-1.63
23.25	-1.46
23.3	-1.25
23.35	-1
23.4	-0.73
23.45	-0.42
23.5	-0.1
23.55	0.21
23.6	0.52
23.65	0.82
23.7	1.09
23.75	1.31
23.8	1.5
23.85	1.64
23.9	1.74
23.95	1.77
24	1.75
24.05	1.69
24.1	1.56
24.15	1.39
24.2	1.16
24.25	0.91
24.3	0.62
24.35	0.34
24.4	0.01
24.45	-0.29
24.5	-0.59
24.55	-0.87
24.61	-1.14
24.65	-1.35
24.7	-1.52
24.75	-1.65
24.8	-1.74
24.85	-1.78
24.9	-1.75
24.95	-1.69
25	-1.57
25.05	-1.39
25.1	-1.19
25.15	-0.95
25.2	-0.66
25.25	-0.38
25.3	-0.08
25.36	0.25
25.4	0.52
25.45	0.81
25.5	1.06
25.56	1.29
25.6	1.46
25.65	1.6
25.7	1.69
25.75	1.71
25.8	1.7
25.85	1.61
25.9	1.49
25.95	1.32
26	1.1
26.05	0.86
26.1	0.59
26.15	0.29
26.2	0
26.25	-0.3
26.3	-0.6
26.35	-0.87
26.4	-1.11
26.45	-1.32
26.5	-1.48
26.55	-1.61
26.6	-1.7
26.65	-1.71
26.7	-1.7
26.75	-1.61
26.8	-1.49
26.85	-1.33
26.9	-1.13
26.95	-0.88
27	-0.62
27.05	-0.35
27.1	-0.04
27.15	0.25
27.2	0.53
27.25	0.81
27.3	1.04
27.36	1.26
27.41	1.44
27.45	1.56
27.5	1.62
27.55	1.65
27.6	1.62
27.65	1.56
27.7	1.43
27.75	1.26
27.8	1.04
27.85	0.81
27.9	0.53
27.95	0.26
28	-0.03
28.05	-0.32
28.1	-0.6
28.15	-0.86
28.2	-1.09
28.25	-1.29
28.3	-1.45
28.35	-1.57
28.4	-1.63
28.45	-1.65
28.5	-1.62
28.55	-1.56
28.6	-1.43
28.65	-1.26
28.7	-1.06
28.75	-0.83
28.8	-0.57
28.85	-0.29
28.9	0
28.95	0.27
29	0.54
29.05	0.81
29.1	1.03
29.15	1.23
29.2	1.39
29.25	1.51
29.3	1.58
29.35	1.6
29.4	1.57
29.45	1.48
29.5	1.36
29.55	1.19
29.6	0.99
29.65	0.75
29.7	0.48
29.75	0.22
29.8	-0.07
29.85	-0.35
29.9	-0.61
29.95	-0.86
30	-1.08
30.05	-1.26
30.1	-1.4
30.15	-1.52
30.2	-1.58
30.25	-1.6
30.3	-1.57
30.35	-1.48
30.4	-1.36
30.45	-1.2
30.5	-1
30.55	-0.77
30.6	-0.52
30.65	-0.26
30.7	0.03
30.75	0.3
30.8	0.55
30.85	0.79
30.9	1.01
30.95	1.22
31	1.35
31.05	1.47
31.1	1.52
31.15	1.53
31.2	1.51
31.25	1.43
31.3	1.29
31.35	1.13
31.4	0.92
31.45	0.7
31.5	0.44
31.55	0.18
31.6	-0.1
31.65	-0.35
31.7	-0.61
31.75	-0.85
31.8	-1.06
31.85	-1.23
31.9	-1.38
31.95	-1.48
32	-1.52
32.05	-1.53
32.1	-1.49
32.15	-1.41
32.2	-1.29
32.25	-1.13
32.3	-0.94
32.35	-0.71
32.4	-0.47
32.45	-0.21
32.5	0.04
32.55	0.3
32.6	0.57
32.65	0.79
32.7	1
32.75	1.18
32.8	1.32
32.85	1.43
32.9	1.48
32.95	1.48
33	1.44
33.05	1.36
33.1	1.23
33.15	1.07
33.2	0.87
33.25	0.64
33.3	0.39
33.35	0.13
33.4	-0.12
33.45	-0.38
33.5	-0.62
33.55	-0.85
33.6	-1.04
33.65	-1.21
33.7	-1.35
33.75	-1.44
33.8	-1.48
33.85	-1.48
33.9	-1.44
33.95	-1.35
34	-1.23
34.05	-1.07
34.1	-0.88
34.15	-0.65
34.2	-0.42
34.25	-0.17
34.3	0.09
34.35	0.34
34.4	0.57
34.45	0.79
34.5	1
34.55	1.16
34.6	1.29
34.65	1.38
34.7	1.44
34.75	1.44
34.8	1.39
34.85	1.31
34.9	1.18
34.95	1
35	0.82
35.05	0.6
35.1	0.35
35.15	0.11
35.2	-0.14
35.25	-0.39
35.3	-0.62
35.35	-0.84
35.4	-1.02
35.45	-1.18
35.5	-1.31
35.55	-1.39
35.6	-1.43
35.65	-1.43
35.7	-1.38
35.75	-1.29
35.8	-1.18
35.85	-1
35.9	-0.83
35.95	-0.61
36	-0.37
36.05	-0.13
36.1	0.11
36.15	0.35
36.2	0.59
36.25	0.79
36.3	0.99
36.35	1.13
36.4	1.26
36.45	1.35
36.5	1.38
36.55	1.38
36.6	1.33
36.65	1.24
36.7	1.11
36.75	0.95
36.8	0.75
36.85	0.54
36.9	0.3
36.95	0.08
37	-0.17
37.05	-0.4
37.1	-0.63
37.15	-0.83
37.2	-1.01
37.25	-1.16
37.3	-1.26
37.35	-1.35
37.4	-1.38
37.45	-1.36
37.5	-1.32
37.55	-1.23
37.6	-1.11
37.65	-0.96
37.7	-0.76
37.75	-0.55
37.8	-0.34
37.85	-0.1
37.9	0.14
37.95	0.38
38	0.6
38.05	0.79
38.1	0.97
38.15	1.12
38.2	1.23
38.25	1.31
38.3	1.34
38.35	1.32
38.4	1.27
38.45	1.18
38.5	1.04
38.55	0.88
38.6	0.7
38.65	0.49
38.7	0.27
38.75	0.04
38.8	-0.2
38.85	-0.42
38.9	-0.64
38.95	-0.83
39	-1
39.05	-1.13
39.1	-1.23
39.15	-1.31
39.2	-1.33
39.25	-1.31
39.3	-1.26
39.35	-1.18
39.4	-1.04
39.45	-0.88
39.5	-0.7
39.55	-0.5
39.6	-0.28
39.65	-0.05
39.7	0.17
39.75	0.39
39.8	0.61
39.85	0.78
39.9	0.96
39.95	1.09
40	1.2
40.05	1.26
40.1	1.28
40.15	1.26
40.2	1.22
40.25	1.12
40.3	1
40.35	0.83
40.4	0.65
40.45	0.45
40.5	0.23
40.55	0
40.6	-0.22
40.65	-0.44
40.7	-0.64
40.75	-0.83
40.8	-0.98
40.85	-1.11
40.9	-1.21
40.95	-1.26
41	-1.27
41.05	-1.26
41.1	-1.21
41.15	-1.11
41.2	-0.99
41.25	-0.83
41.3	-0.65
41.35	-0.45
41.4	-0.25
41.45	-0.02
41.5	0.2
41.55	0.41
41.6	0.61
41.65	0.78
41.7	0.96
41.75	1.08
41.8	1.18
41.85	1.22
41.9	1.24
41.95	1.22
42	1.16
42.05	1.06
42.1	0.94
42.15	0.78
42.2	0.6
42.25	0.39
42.3	0.18
42.35	-0.03
42.4	-0.25
42.45	-0.45
42.5	-0.65
42.55	-0.83
42.6	-0.96
42.65	-1.09
42.7	-1.18
42.75	-1.22
42.8	-1.23
42.85	-1.21
42.9	-1.14
42.95	-1.06
43	-0.92
43.05	-0.78
43.1	-0.6
43.15	-0.4
43.2	-0.2
43.25	0.01
43.3	0.22
43.35	0.44
43.41	0.62
43.45	0.78
43.5	0.95
43.55	1.06
43.6	1.13
43.65	1.18
43.7	1.2
43.75	1.18
43.8	1.1
43.85	1
43.9	0.88
43.95	0.73
44	0.55
44.05	0.35
44.1	0.14
44.15	-0.05
44.2	-0.26
44.25	-0.47
44.3	-0.65
44.35	-0.82
44.4	-0.96
44.45	-1.06
44.5	-1.13
44.55	-1.18
44.6	-1.19
44.65	-1.15
44.7	-1.09
44.75	-1
44.8	-0.87
44.85	-0.72
44.9	-0.55
44.95	-0.36
45	-0.15
45.05	0.04
45.1	0.26
45.16	0.45
45.2	0.62
45.25	0.78
45.3	0.91
45.35	1.03
45.4	1.1
45.45	1.14
45.5	1.15
45.55	1.12
45.6	1.06
45.65	0.96
45.7	0.83
45.75	0.67
45.8	0.49
45.85	0.3
45.9	0.11
45.95	-0.09
46	-0.28
46.05	-0.48
46.1	-0.65
46.15	-0.81
46.2	-0.94
46.25	-1.03
46.3	-1.1
46.36	-1.13
46.4	-1.13
46.45	-1.1
46.5	-1.04
46.55	-0.95
46.6	-0.82
46.65	-0.66
46.7	-0.49
46.75	-0.3
46.8	-0.12
46.85	0.09
46.9	0.27
46.95	0.46
47	0.63
47.05	0.78
47.1	0.91
47.15	1
47.2	1.08
47.25	1.11
47.3	1.1
47.35	1.08
47.4	1
47.45	0.9
47.5	0.78
47.55	0.62
47.6	0.45
47.65	0.26
47.7	0.08
47.76	-0.13
47.8	-0.3
47.85	-0.49
47.9	-0.65
47.95	-0.79
48	-0.91
48.05	-1
48.1	-1.07
48.15	-1.09
48.2	-1.09
48.25	-1.06
48.31	-0.99
48.35	-0.88
48.4	-0.76
48.46	-0.61
48.5	-0.45
48.55	-0.26
48.6	-0.09
48.66	0.12
48.71	0.3
48.75	0.48
48.8	0.63
48.85	0.78
48.9	0.89
48.95	0.99
49	1.04
49.05	1.07
49.1	1.06
49.15	1.02
49.2	0.96
49.25	0.85
49.3	0.72
49.36	0.57
49.4	0.4
49.45	0.22
49.5	0.04
49.55	-0.14
49.6	-0.33
49.65	-0.49
49.71	-0.65
49.76	-0.78
49.81	-0.9
49.86	-0.98
49.9	-1.03
49.95	-1.06
50	-1.04
50.05	-1
50.1	-0.92
50.15	-0.83
50.21	-0.71
50.26	-0.57
50.3	-0.4
50.35	-0.22
50.41	-0.04
50.45	0.13
50.5	0.32
50.55	0.48
50.61	0.64
50.65	0.77
50.7	0.87
50.75	0.96
50.8	1
50.86	1.03
50.9	1.01
50.96	0.97
51	0.9
51.05	0.79
51.11	0.66
51.15	0.52
51.2	0.36
51.25	0.18
51.3	0.01
51.35	-0.17
51.41	-0.35
51.45	-0.5
51.5	-0.65
51.56	-0.78
51.6	-0.87
51.66	-0.96
51.7	-1
51.76	-1.01
51.8	-1
51.85	-0.96
51.9	-0.88
51.96	-0.78
52	-0.65
52.05	-0.52
52.1	-0.35
52.15	-0.18
52.21	0
52.25	0.16
52.3	0.34
52.35	0.49
52.41	0.64
52.45	0.75
52.5	0.86
52.55	0.92
52.6	0.97
52.65	0.99
52.7	0.97
52.75	0.92
52.8	0.85
52.85	0.74
52.9	0.62
52.96	0.48
53	0.32
53.06	0.14
53.1	-0.02
53.15	-0.2
53.2	-0.36
53.25	-0.51
53.3	-0.65
53.35	-0.77
53.4	-0.86
53.45	-0.92
53.5	-0.96
53.55	-0.97
53.6	-0.96
53.65	-0.91
53.7	-0.83
53.75	-0.74
53.8	-0.61
53.85	-0.47
53.9	-0.3
53.95	-0.15
54	0.02
54.05	0.18
54.1	0.35
54.15	0.5
54.2	0.64
54.25	0.74
54.3	0.84
54.36	0.91
54.4	0.95
54.45	0.96
54.5	0.92
54.55	0.87
54.6	0.79
54.65	0.7
54.7	0.57
54.75	0.44
54.8	0.27
54.85	0.11
54.9	-0.04
54.95	-0.22
55	-0.37
55.05	-0.52
55.1	-0.65
55.15	-0.75
55.2	-0.84
55.25	-0.9
55.3	-0.92
55.35	-0.94
55.4	-0.91
55.45	-0.86
55.5	-0.78
55.55	-0.69
55.6	-0.57
55.65	-0.42
55.7	-0.27
55.75	-0.11
55.8	0.04
55.85	0.22
55.9	0.36
55.95	0.51
56	0.63
56.05	0.74
56.1	0.83
56.15	0.87
56.2	0.91
56.26	0.91
56.3	0.88
56.35	0.83
56.4	0.75
56.45	0.65
56.5	0.52
56.55	0.39
56.6	0.24
56.65	0.09
56.7	-0.09
56.75	-0.23
56.8	-0.39
56.86	-0.52
56.9	-0.64
56.96	-0.74
57	-0.82
57.05	-0.87
57.1	-0.89
57.15	-0.89
57.2	-0.87
57.25	-0.82
57.3	-0.74
57.35	-0.63
57.4	-0.51
57.45	-0.38
57.51	-0.22
57.55	-0.08
57.61	0.09
57.65	0.23
57.7	0.38
57.75	0.51
57.8	0.63
57.85	0.73
57.9	0.79
57.95	0.85
58	0.87
58.05	0.87
58.1	0.84
58.15	0.78
58.21	0.7
58.25	0.61
58.31	0.48
58.35	0.35
58.4	0.21
58.45	0.04
58.5	-0.1
58.56	-0.26
58.61	-0.39
58.66	-0.52
58.7	-0.63
58.76	-0.73
58.8	-0.79
58.86	-0.84
58.9	-0.86
58.95	-0.86
59	-0.83
59.06	-0.76
59.11	-0.69
59.15	-0.58
59.2	-0.47
59.25	-0.34
59.31	-0.18
59.35	-0.04
59.41	0.11
59.45	0.25
59.51	0.39
59.55	0.52
59.6	0.62
59.65	0.71
59.71	0.78
59.75	0.83
59.8	0.84
59.86	0.83
59.91	0.79
59.96	0.74
60	0.65
60.05	0.55
60.1	0.44
60.15	0.3
60.2	0.16
60.25	0.02
60.3	-0.13
60.35	-0.27
60.4	-0.4
60.46	-0.52
60.51	-0.63
60.56	-0.71
60.61	-0.78
60.65	-0.82
60.71	-0.83
60.75	-0.82
60.8	-0.78
60.86	-0.72
60.9	-0.64
60.95	-0.53
61	-0.42
61.06	-0.28
61.1	-0.15
61.16	0
61.21	0.13
61.26	0.27
61.3	0.39
61.35	0.52
61.4	0.61
61.45	0.7
61.51	0.76
61.55	0.79
61.6	0.81
61.66	0.78
61.7	0.75
61.75	0.7
61.81	0.61
61.86	0.51
61.9	0.39
61.96	0.26
62	0.13
62.05	-0.01
62.1	-0.15
62.16	-0.29
62.2	-0.4
62.26	-0.52
62.3	-0.62
62.36	-0.7
62.41	-0.75
62.46	-0.78
62.51	-0.78
62.56	-0.77
62.61	-0.74
62.65	-0.66
62.7	-0.59
62.75	-0.49
62.81	-0.37
62.85	-0.25
62.91	-0.11
62.95	0.01
63	0.16
63.05	0.29
63.1	0.4
63.16	0.52
63.21	0.61
63.26	0.69
63.3	0.74
63.35	0.77
63.41	0.77
63.45	0.75
63.5	0.71
63.55	0.65
63.61	0.57
63.65	0.47
63.7	0.35
63.75	0.22
63.81	0.09
63.85	-0.04
63.91	-0.17
63.96	-0.3
64	-0.42
64.05	-0.52
64.1	-0.61
64.16	-0.69
64.2	-0.73
64.25	-0.75
64.3	-0.75
64.36	-0.74
64.41	-0.7
64.46	-0.62
64.51	-0.54
64.56	-0.44
64.61	-0.34
64.65	-0.22
64.71	-0.09
64.75	0.04
64.81	0.17
64.85	0.3
64.91	0.41
64.95	0.52
65.01	0.61
65.05	0.66
65.11	0.71
65.16	0.74
65.21	0.74
65.26	0.71
65.31	0.66
65.36	0.61
65.41	0.52
65.45	0.42
65.51	0.3
65.56	0.18
65.6	0.05
65.66	-0.08
65.7	-0.18
65.76	-0.3
65.81	-0.42
65.86	-0.52
65.9	-0.6
65.96	-0.65
66	-0.7
66.06	-0.72
66.11	-0.72
66.16	-0.7
66.21	-0.65
66.26	-0.58
66.31	-0.5
66.36	-0.4
66.41	-0.29
66.46	-0.17
66.51	-0.04
66.56	0.08
66.61	0.21
66.66	0.3
66.71	0.42
66.76	0.51
66.81	0.6
66.86	0.65
66.91	0.7
66.96	0.7
67.01	0.7
67.06	0.67
67.11	0.63
67.15	0.57
67.21	0.48
67.26	0.38
67.31	0.27
67.36	0.15
67.41	0.03
67.46	-0.09
67.5	-0.21
67.55	-0.32
67.61	-0.42
67.66	-0.52
67.71	-0.59
67.75	-0.64
67.81	-0.67
67.86	-0.7
67.9	-0.69
67.96	-0.65
68.01	-0.61
68.06	-0.54
68.11	-0.46
68.16	-0.36
68.2	-0.26
68.26	-0.14
68.3	-0.02
68.36	0.1
68.41	0.22
68.45	0.32
68.51	0.42
68.56	0.51
68.61	0.58
68.65	0.63
68.71	0.66
68.76	0.67
68.81	0.66
68.85	0.64
68.9	0.6
68.96	0.52
69.01	0.44
69.05	0.35
69.11	0.24
69.15	0.13
69.21	0
69.26	-0.11
69.3	-0.22
69.36	-0.34
69.41	-0.42
69.46	-0.51
69.5	-0.57
69.56	-0.62
69.6	-0.65
69.65	-0.65
69.7	-0.65
69.76	-0.61
69.81	-0.57
69.85	-0.5
69.9	-0.42
69.95	-0.33
70	-0.22
70.06	-0.11
70.11	0
70.15	0.12
70.21	0.23
70.25	0.33
70.3	0.42
70.35	0.5
70.4	0.57
70.46	0.61
70.51	0.64
70.56	0.65
70.61	0.64
70.66	0.61
70.71	0.55
70.75	0.48
70.8	0.4
70.86	0.3
70.9	0.21
70.95	0.09
71.01	-0.01
71.06	-0.13
71.1	-0.23
71.16	-0.34
71.21	-0.42
71.26	-0.5
71.31	-0.57
71.35	-0.61
71.4	-0.62
71.46	-0.63
71.51	-0.61
71.56	-0.58
71.6	-0.53
71.65	-0.47
71.71	-0.39
71.76	-0.29
71.8	-0.18
71.85	-0.09
71.9	0.03
71.96	0.13
72	0.24
72.05	0.34
72.11	0.42
72.16	0.49
72.21	0.55
72.25	0.6
72.3	0.61
72.36	0.61
72.4	0.61
72.45	0.57
72.5	0.52
72.56	0.45
72.6	0.36
72.66	0.27
72.7	0.17
72.76	0.07
72.8	-0.04
72.85	-0.14
72.9	-0.25
72.95	-0.34
73	-0.42
73.05	-0.49
73.1	-0.54
73.16	-0.58
73.21	-0.6
73.25	-0.61
73.31	-0.58
73.36	-0.54
73.41	-0.49
73.45	-0.44
73.51	-0.35
73.55	-0.26
73.61	-0.16
73.66	-0.05
73.71	0.04
73.76	0.15
73.81	0.25
73.86	0.34
73.9	0.42
73.95	0.48
74.01	0.53
74.06	0.57
74.11	0.59
74.15	0.59
74.21	0.57
74.26	0.52
74.31	0.48
74.36	0.4
74.4	0.34
74.46	0.24
74.5	0.14
74.56	0.04
74.61	-0.05
74.66	-0.16
74.71	-0.26
74.76	-0.35
74.81	-0.41
74.86	-0.48
74.9	-0.52
74.96	-0.57
75.01	-0.57
75.06	-0.57
75.11	-0.55
75.15	-0.52
75.21	-0.46
75.26	-0.39
75.31	-0.3
75.36	-0.22
75.41	-0.13
75.46	-0.03
75.51	0.07
75.56	0.16
75.61	0.26
75.66	0.35
75.71	0.41
75.76	0.48
75.81	0.52
75.86	0.55
75.91	0.57
75.96	0.57
76.01	0.53
76.06	0.5
76.11	0.44
76.16	0.38
76.21	0.3
76.26	0.22
76.31	0.12
76.36	0.02
76.41	-0.08
76.46	-0.17
76.51	-0.26
76.56	-0.35
76.61	-0.41
76.66	-0.47
76.71	-0.51
76.76	-0.53
76.81	-0.54
76.86	-0.54
76.91	-0.52
76.96	-0.48
77.01	-0.44
77.06	-0.36
77.11	-0.28
77.16	-0.2
77.21	-0.1
77.26	-0.01
77.31	0.09
77.36	0.17
77.41	0.26
77.46	0.35
77.5	0.4
77.56	0.47
77.61	0.51
77.66	0.52
77.71	0.53
77.76	0.52
77.81	0.51
77.86	0.47
77.91	0.41
77.96	0.35
78.01	0.26
78.06	0.18
78.11	0.09
78.16	0
78.21	-0.09
78.26	-0.17
78.31	-0.26
78.36	-0.34
78.4	-0.4
78.46	-0.46
78.51	-0.49
78.56	-0.52
78.61	-0.52
78.65	-0.52
78.71	-0.48
78.76	-0.45
78.81	-0.39
78.86	-0.33
78.91	-0.26
78.96	-0.17
79.01	-0.09
79.06	0.01
79.11	0.1
79.16	0.18
79.21	0.26
79.26	0.34
79.31	0.39
79.36	0.45
79.41	0.48
79.46	0.51
79.51	0.51
79.56	0.5
79.61	0.48
79.66	0.44
79.71	0.38
79.76	0.3
79.81	0.24
79.86	0.16
79.91	0.08
79.96	-0.01
80.01	-0.1
80.06	-0.18
80.11	-0.26
80.16	-0.34
80.21	-0.39
80.25	-0.44
80.31	-0.48
80.35	-0.49
80.41	-0.49
80.45	-0.48
80.51	-0.46
80.56	-0.41
80.6	-0.36
80.66	-0.3
80.71	-0.22
80.75	-0.14
80.81	-0.05
80.86	0.03
80.91	0.11
80.96	0.2
81.01	0.26
81.06	0.34
81.11	0.39
81.16	0.44
81.21	0.47
81.26	0.48
81.31	0.48
81.36	0.48
81.41	0.45
81.46	0.4
81.51	0.35
81.56	0.28
81.61	0.22
81.66	0.13
81.7	0.05
81.76	-0.03
81.81	-0.12
81.86	-0.2
81.91	-0.26
81.96	-0.34
82.01	-0.39
82.06	-0.44
82.1	-0.46
82.16	-0.47
82.21	-0.48
82.26	-0.46
82.31	-0.44
82.35	-0.39
82.41	-0.34
82.46	-0.26
82.51	-0.2
82.56	-0.13
82.61	-0.04
82.66	0.04
82.71	0.13
82.76	0.2
82.81	0.26
82.86	0.34
82.91	0.38
82.96	0.42
83.01	0.45
83.06	0.47
83.11	0.47
83.16	0.45
83.21	0.42
83.26	0.38
83.31	0.32
83.36	0.26
83.41	0.18
83.46	0.11
83.51	0.04
83.56	-0.04
83.61	-0.13
83.66	-0.2
83.71	-0.26
83.76	-0.33
83.81	-0.38
83.86	-0.41
83.91	-0.44
83.96	-0.45
84.01	-0.45
84.06	-0.44
84.11	-0.39
84.16	-0.35
84.21	-0.3
84.26	-0.24
84.31	-0.17
84.36	-0.1
84.41	-0.02
84.46	0.05
84.51	0.13
84.56	0.21
84.61	0.26
84.66	0.33
84.71	0.38
84.76	0.4
84.81	0.44
84.86	0.44
84.91	0.44
84.96	0.42
85.01	0.39
85.06	0.35
85.11	0.29
85.16	0.23
85.21	0.17
85.26	0.09
85.31	0.01
85.36	-0.05
85.41	-0.13
85.46	-0.21
85.51	-0.26
85.56	-0.32
85.61	-0.36
85.66	-0.39
85.71	-0.42
85.76	-0.42
85.81	-0.42
85.86	-0.4
85.91	-0.37
85.96	-0.33
86.01	-0.27
86.06	-0.22
86.11	-0.15
86.16	-0.09
86.21	0
86.26	0.07
86.31	0.13
86.36	0.21
86.41	0.26
86.46	0.32
86.51	0.36
86.56	0.39
86.61	0.41
86.66	0.42
86.71	0.41
86.76	0.39
86.81	0.36
86.86	0.32
86.91	0.26
86.96	0.22
87.01	0.14
87.06	0.08
87.11	0
87.16	-0.08
87.21	-0.14
87.26	-0.21
87.31	-0.26
87.36	-0.3
87.41	-0.35
87.46	-0.38
87.51	-0.39
87.56	-0.4
87.61	-0.39
87.66	-0.38
87.71	-0.35
87.76	-0.3
87.81	-0.26
87.86	-0.2
87.91	-0.13
87.96	-0.07
88.01	0
88.06	0.09
88.11	0.14
88.16	0.21
88.21	0.26
88.26	0.3
88.31	0.35
88.36	0.38
88.41	0.39
88.46	0.39
88.51	0.39
88.56	0.37
88.61	0.34
88.66	0.3
88.71	0.25
88.76	0.18
88.81	0.13
88.86	0.05
88.91	-0.01
88.96	-0.08
89.01	-0.14
89.06	-0.21
89.11	-0.26
89.16	-0.3
89.21	-0.34
89.26	-0.36
89.31	-0.38
89.36	-0.38
89.41	-0.37
89.46	-0.35
89.51	-0.32
89.56	-0.27
89.61	-0.23
89.66	-0.17
89.71	-0.12
89.76	-0.04
89.81	0.01
89.86	0.09
89.91	0.14
89.96	0.21
90.01	0.26
90.06	0.3
90.11	0.34
90.16	0.36
90.21	0.37
90.26	0.38
90.31	0.36
90.36	0.35
90.41	0.32
90.46	0.27
90.51	0.22
90.56	0.17
90.61	0.11
90.66	0.04
90.71	-0.02
90.76	-0.09
90.81	-0.14
90.86	-0.21
90.91	-0.25
90.96	-0.29
91.01	-0.33
91.06	-0.35
91.11	-0.36
91.16	-0.36
91.21	-0.35
91.26	-0.33
91.31	-0.3
91.36	-0.26
91.41	-0.22
91.46	-0.16
91.51	-0.1
91.56	-0.04
91.61	0.03
91.66	0.09
91.71	0.14
91.76	0.21
91.81	0.25
91.86	0.29
91.91	0.32
91.96	0.35
92.01	0.35
92.06	0.35
92.11	0.35
92.16	0.32
92.21	0.29
92.26	0.25
92.31	0.21
92.36	0.15
92.41	0.09
92.46	0.03
92.51	-0.03
92.56	-0.09
92.61	-0.14
92.66	-0.2
92.71	-0.25
92.76	-0.28
92.81	-0.3
92.86	-0.34
92.91	-0.35
92.96	-0.35
93.01	-0.33
93.06	-0.3
93.11	-0.27
93.16	-0.24
93.21	-0.18
93.26	-0.13
93.31	-0.09
93.36	-0.02
93.41	0.04
93.46	0.09
93.51	0.14
93.56	0.21
93.61	0.25
93.66	0.28
93.71	0.3
93.76	0.33
93.81	0.34
93.86	0.34
93.91	0.32
93.96	0.3
94.01	0.26
94.06	0.23
94.11	0.18
94.16	0.13
94.21	0.09
94.26	0.02
94.31	-0.04
94.36	-0.09
94.41	-0.14
94.46	-0.2
94.51	-0.23
94.56	-0.27
94.61	-0.3
94.66	-0.3
94.71	-0.32
94.76	-0.32
94.81	-0.3
94.86	-0.28
94.91	-0.26
94.96	-0.22
95.01	-0.17
95.06	-0.13
95.11	-0.07
95.16	-0.01
95.21	0.04
95.26	0.1
95.31	0.15
95.36	0.2
95.41	0.24
95.46	0.26
95.51	0.29
95.56	0.3
95.61	0.32
95.66	0.32
95.71	0.3
95.76	0.27
95.81	0.25
95.86	0.22
95.91	0.17
95.96	0.12
96.01	0.07
96.06	0.01
96.11	-0.04
96.16	-0.09
96.21	-0.14
96.26	-0.18
96.31	-0.23
96.36	-0.26
96.41	-0.28
96.46	-0.3
96.51	-0.3
96.56	-0.3
96.61	-0.28
96.66	-0.26
96.71	-0.23
96.76	-0.2
96.81	-0.15
96.86	-0.1
96.91	-0.05
96.96	0
97.01	0.04
97.06	0.1
97.11	0.15
97.16	0.18
97.21	0.23
97.26	0.26
97.31	0.28
97.36	0.29
97.41	0.3
97.46	0.29
97.51	0.28
97.56	0.26
97.61	0.23
97.66	0.18
97.71	0.14
97.76	0.1
97.81	0.04
97.86	0
97.91	-0.04
97.96	-0.1
98.01	-0.14
98.06	-0.18
98.11	-0.22
98.16	-0.25
98.21	-0.26
98.26	-0.28
98.31	-0.28
98.36	-0.27
98.41	-0.26
98.46	-0.25
98.51	-0.22
98.56	-0.17
98.61	-0.13
98.66	-0.09
98.71	-0.04
98.76	0
98.81	0.05
98.86	0.1
98.91	0.14
98.96	0.18
99.01	0.22
99.06	0.25
99.11	0.26
99.16	0.27
99.21	0.28
99.26	0.27
99.31	0.26
99.36	0.24
99.41	0.22
99.46	0.17
99.51	0.13
99.56	0.09
99.61	0.04
99.66	0
99.71	-0.05
99.76	-0.1
99.81	-0.14
99.86	-0.17
99.91	-0.22
99.96	-0.24
100.01	-0.26
100.06	-0.26
100.11	-0.26
100.16	-0.26
100.21	-0.25
100.26	-0.22
100.31	-0.2
100.36	-0.16
100.41	-0.12
100.46	-0.08
100.51	-0.03
100.56	0.01
100.61	0.05
100.66	0.1
100.71	0.14
100.76	0.17
100.81	0.22
100.86	0.23
100.91	0.25
100.96	0.26
101.01	0.26
101.06	0.26
101.11	0.24
101.16	0.22
101.21	0.18
101.26	0.15
101.31	0.12
101.36	0.08
101.41	0.03
101.46	-0.01
101.51	-0.05
101.56	-0.1
101.61	-0.13
101.66	-0.17
101.71	-0.21
101.76	-0.22
101.81	-0.24
101.86	-0.25
101.91	-0.25
101.96	-0.24
102.01	-0.22
102.06	-0.21
102.11	-0.17
102.16	-0.14
102.21	-0.1
102.26	-0.07
102.31	-0.02
102.36	0.02
102.41	0.07
102.46	0.1
102.51	0.14
102.56	0.17
102.61	0.21
102.66	0.22
102.71	0.24
102.76	0.25
102.81	0.25
102.86	0.24
102.91	0.22
102.96	0.21
103.01	0.17
103.06	0.14
103.11	0.1
103.16	0.07
103.21	0.02
103.26	-0.02
103.31	-0.07
103.36	-0.1
103.41	-0.13
103.46	-0.17
103.51	-0.18
103.56	-0.22
103.61	-0.22
103.66	-0.23
103.71	-0.23
103.76	-0.22
103.81	-0.21
103.86	-0.18
103.91	-0.16
103.96	-0.13
104.01	-0.09
104.06	-0.05
104.11	-0.01
104.16	0.03
104.21	0.07
104.26	0.1
104.31	0.13
104.36	0.17
104.41	0.2
104.46	0.22
104.51	0.22
104.56	0.23
104.61	0.23
104.66	0.22
104.71	0.21
104.76	0.18
104.81	0.16
104.86	0.13
104.91	0.09
104.96	0.05
105.01	0.01
105.06	-0.02
105.11	-0.07
105.16	-0.1
105.21	-0.13
105.26	-0.16
105.31	-0.17
105.36	-0.2
105.41	-0.22
105.46	-0.22
105.51	-0.22
105.56	-0.21
105.61	-0.18
105.66	-0.17
105.71	-0.14
105.76	-0.12
105.81	-0.09
105.86	-0.04
105.91	0
105.96	0.03
106.01	0.07
106.06	0.1
106.11	0.13
106.16	0.16
106.21	0.17
106.26	0.2
106.31	0.21
106.36	0.22
106.41	0.22
106.46	0.21
106.51	0.18
106.56	0.16
106.61	0.14
106.66	0.11
106.71	0.09
106.76	0.04
106.81	0
106.86	-0.03
106.91	-0.05
106.96	-0.09
107.01	-0.13
107.06	-0.14
107.11	-0.17
107.16	-0.17
107.21	-0.2
107.26	-0.2
107.31	-0.2
107.36	-0.18
107.41	-0.17
107.46	-0.15
107.51	-0.13
107.56	-0.1
107.61	-0.07
107.66	-0.04
107.71	0
107.76	0.03
107.81	0.07
107.86	0.1
107.91	0.13
107.96	0.14
108.01	0.17
108.06	0.17
108.11	0.18
108.16	0.2
108.21	0.18
108.26	0.17
108.31	0.17
108.36	0.14
108.41	0.13
108.46	0.1
108.51	0.07
108.56	0.04
108.61	0
108.66	-0.03
108.71	-0.05
108.76	-0.09
108.81	-0.12
108.86	-0.13
108.91	-0.15
108.96	-0.17
109.01	-0.17
109.06	-0.17
109.11	-0.17
109.16	-0.17
109.21	-0.15
109.26	-0.13
109.31	-0.11
109.36	-0.09
109.41	-0.05
109.46	-0.03
109.51	0
109.56	0.04
109.61	0.07
109.66	0.09
109.71	0.12
109.76	0.13
109.81	0.15
109.86	0.17
109.91	0.17
109.96	0.17
110.01	0.17
110.06	0.16
110.11	0.15
110.16	0.13
110.21	0.11
110.26	0.09
110.31	0.05
110.36	0.03
110.41	0
110.46	-0.03
110.51	-0.05
110.56	-0.09
110.61	-0.11
110.66	-0.13
110.71	-0.14
110.76	-0.15
110.81	-0.16
110.86	-0.16
110.91	-0.16
110.96	-0.14
111.01	-0.13
111.06	-0.12
111.11	-0.1
111.16	-0.08
111.21	-0.04
111.26	-0.02
111.31	0
111.36	0.04
111.41	0.07
111.46	0.09
111.51	0.11
111.56	0.13
111.61	0.14
111.66	0.15
111.71	0.16
111.76	0.16
111.81	0.16
111.86	0.14
111.91	0.13
111.96	0.12
112.01	0.1
112.06	0.08
112.11	0.04
112.16	0.02
112.21	0
112.26	-0.03
112.31	-0.05
112.36	-0.09
112.41	-0.1
112.46	-0.12
112.51	-0.13
112.56	-0.13
112.61	-0.14
112.66	-0.14
112.71	-0.14
112.76	-0.13
112.81	-0.12
112.86	-0.1
112.91	-0.09
112.96	-0.07
113.01	-0.04
113.06	-0.01
113.11	0.01
113.16	0.04
113.21	0.05
113.26	0.09
113.31	0.1
113.36	0.12
113.41	0.13
113.46	0.13
113.51	0.14
113.56	0.14
113.61	0.14
113.66	0.13
113.71	0.12
113.76	0.1
113.81	0.09
113.86	0.07
113.91	0.04
113.96	0.01
114.01	0
114.06	-0.03
114.11	-0.05
114.16	-0.08
114.21	-0.09
114.26	-0.11
114.31	-0.12
114.36	-0.13
114.41	-0.13
114.46	-0.13
114.51	-0.13
114.56	-0.12
114.61	-0.1
114.66	-0.09
114.71	-0.08
114.76	-0.05
114.81	-0.03
114.86	0
114.91	0.01
114.96	0.04
115.01	0.05
115.06	0.08
115.11	0.09
115.16	0.11
115.21	0.12
115.26	0.13
115.31	0.13
115.36	0.13
115.41	0.13
115.46	0.12
115.51	0.1
115.56	0.09
115.61	0.08
115.66	0.05
115.71	0.03
115.76	0.01
115.81	0
115.86	-0.03
115.91	-0.04
115.96	-0.07
116.01	-0.09
116.06	-0.09
116.11	-0.1
116.16	-0.11
116.21	-0.12
116.26	-0.12
116.31	-0.11
116.36	-0.1
116.41	-0.09
116.46	-0.09
116.51	-0.05
116.56	-0.04
116.61	-0.02
116.66	0
116.71	0.01
116.76	0.04
116.81	0.05
116.86	0.08
116.91	0.09
116.96	0.09
117.01	0.1
117.06	0.11
117.11	0.12
117.16	0.12
117.21	0.11
117.26	0.1
117.31	0.09
117.36	0.09
117.41	0.07
117.46	0.04
117.51	0.03
117.56	0
117.61	0
117.66	-0.03
117.71	-0.04
117.76	-0.05
117.81	-0.08
117.86	-0.09
117.91	-0.09
117.96	-0.1
118.01	-0.1
118.06	-0.1
118.11	-0.09
118.16	-0.09
118.21	-0.09
118.26	-0.07
118.31	-0.04
118.36	-0.04
118.41	-0.01
118.46	0
118.51	0.01
118.56	0.03
118.61	0.04
118.66	0.07
118.71	0.08
118.76	0.09
118.81	0.09
118.86	0.1
118.91	0.1
118.96	0.1
119.01	0.09
119.06	0.09
119.11	0.09
119.16	0.07
119.21	0.05
119.26	0.04
119.31	0.02
119.36	0
119.41	-0.01
119.46	-0.03
119.51	-0.04
119.56	-0.05
119.61	-0.07
119.66	-0.08
119.71	-0.09
119.76	-0.09
119.81	-0.09
119.86	-0.09
119.91	-0.09
119.96	-0.08
120.01	-0.07
120.06	-0.05
120.11	-0.04
120.16	-0.03
120.21	-0.01
120.26	0
120.31	0.01
120.36	0.03
120.41	0.04
120.46	0.05
120.51	0.07
120.56	0.08
120.61	0.09
120.66	0.09
120.71	0.09
120.76	0.09
120.81	0.09
120.86	0.08
120.91	0.07
120.96	0.05
121.01	0.04
121.06	0.03
121.11	0.01
121.16	0
121.21	-0.01
121.26	-0.02
121.31	-0.04
121.36	-0.04
121.41	-0.05
121.46	-0.07
121.51	-0.08
121.56	-0.08
121.61	-0.08
121.66	-0.08
121.71	-0.07
121.76	-0.05
121.81	-0.05
121.86	-0.04
121.91	-0.03
121.96	-0.02
122.01	0
122.06	0
122.11	0.01
122.16	0.03
122.21	0.04
122.26	0.04
122.31	0.05
122.36	0.07
122.41	0.08
122.46	0.08
122.51	0.08
122.56	0.08
122.61	0.08
122.66	0.07
122.71	0.05
122.76	0.04
122.81	0.04
122.86	0.02
122.91	0.01
122.96	0
123.01	-0.01
123.06	-0.02
123.11	-0.03
123.16	-0.04
123.21	-0.04
123.26	-0.05
123.31	-0.05
123.36	-0.05
123.41	-0.05
123.46	-0.05
123.51	-0.05
123.56	-0.04
123.61	-0.04
123.66	-0.04
123.71	-0.02
123.76	-0.01
123.81	0
123.86	0
123.91	0.02
123.96	0.03
124.01	0.04
124.06	0.04
124.11	0.05
124.16	0.05
124.21	0.05
124.26	0.07
124.31	0.07
124.36	0.05
124.41	0.05
124.46	0.05
124.51	0.04
124.56	0.04
124.61	0.03
124.66	0.01
124.71	0
124.76	0
124.81	-0.01
124.86	-0.02
124.91	-0.03
124.96	-0.04
125.01	-0.04
125.06	-0.04
125.11	-0.04
125.16	-0.04
125.21	-0.04
125.26	-0.04
125.31	-0.04
125.36	-0.04
125.41	-0.04
125.46	-0.03
125.51	-0.01
125.56	-0.01
125.61	0
125.66	0
125.71	0.02
125.76	0.03
125.81	0.03
125.86	0.04
125.91	0.04
125.96	0.04
126.01	0.04
126.06	0.04
126.11	0.04
126.16	0.04
126.21	0.04
126.26	0.04
126.31	0.04
126.36	0.03
126.41	0.02
126.46	0.01
126.51	0
126.56	0
126.61	-0.01
126.66	-0.02
126.71	-0.02
126.76	-0.03
126.81	-0.04
126.86	-0.04
126.91	-0.04
126.96	-0.04
127.01	-0.04
127.06	-0.04
127.11	-0.04
127.16	-0.03
127.21	-0.02
127.26	-0.01
127.31	-0.01
127.36	0
127.41	0
127.46	0.01
127.51	0.01
127.56	0.02
127.61	0.03
127.66	0.03
127.71	0.04
127.76	0.04
127.81	0.04
127.86	0.04
127.91	0.04
127.96	0.04
128.01	0.04
128.06	0.03
128.11	0.03
128.16	0.02
128.21	0.01
128.26	0
128.31	0
128.36	0
128.41	-0.01
128.46	-0.01
128.51	-0.02
128.56	-0.02
128.61	-0.03
128.66	-0.03
128.71	-0.03
128.76	-0.03
128.81	-0.03
128.86	-0.03
128.91	-0.02
128.96	-0.02
129.01	-0.01
129.06	-0.01
129.11	0
129.16	0
129.21	0
129.26	0.01
129.31	0.01
129.36	0.02
129.41	0.02
129.46	0.03
129.51	0.03
129.56	0.03
129.61	0.03
129.66	0.03
129.71	0.03
129.76	0.03
129.81	0.03
129.86	0.02
129.91	0.02
129.96	0.01
130.01	0.01
130.06	0
130.11	0
130.16	0
130.21	0
130.26	-0.01
130.31	-0.01
130.36	-0.01
130.41	-0.01
130.46	-0.02
130.51	-0.02
130.56	-0.02
130.61	-0.01
130.66	-0.01
130.71	-0.01
130.76	-0.01
130.81	0
130.86	0
130.91	0
130.96	0
131.01	0
131.06	0.01
131.11	0.01
131.16	0.01
131.21	0.02
131.26	0.02
131.31	0.02
131.36	0.02
131.41	0.02
131.46	0.02
131.51	0.02
131.56	0.02
131.61	0.01
131.66	0.01
131.71	0.01
131.76	0
131.81	0
131.86	0
131.91	0
131.96	0
132.01	0
132.06	0
132.11	0
132.16	-0.01
132.21	-0.01
132.26	-0.01
132.31	-0.01
132.36	-0.01
132.41	-0.01
132.46	0
132.51	0
132.56	0
132.61	0
132.66	0
132.71	0
132.76	0
132.81	0
132.86	0
132.91	0.01
132.96	0.01
133.01	0.01
133.06	0.01
133.11	0.01
133.16	0.01
133.21	0.01
133.26	0.01
133.31	0.01
133.36	0.01
133.41	0.01
133.46	0
133.51	0
133.56	0
133.61	0
133.66	0
133.71	0
133.76	0
133.81	0
133.86	0
133.91	0
133.96	0
134.01	0
134.06	0
134.11	0
134.16	0
134.21	0
134.26	0
134.31	0
134.36	0
134.41	0
134.46	0
134.51	0
134.56	0
134.61	0
134.66	0
134.71	0
134.76	0
134.81	0
134.86	0
134.91	0
134.96	0
135.01	0
135.06	0
135.11	0
135.16	0
135.21	0
135.26	0
135.31	0
 
